2026/02/02-20:55:19.125889 8cdc RocksDB version: 8.1.1
2026/02/02-20:55:19.125915 8cdc Compile date 2023-04-06 16:38:52
2026/02/02-20:55:19.125928 8cdc DB SUMMARY
2026/02/02-20:55:19.125937 8cdc DB Session ID:  QYZL2ZJ6NV5BAJM1VS4I
2026/02/02-20:55:19.126139 8cdc SST files in ./storage\collections\test_collection_20260202205510\0\segments\d1622982-fb2a-423c-a431-9ae0e5604e89\payload_index dir, Total Num: 0, files: 
2026/02/02-20:55:19.126155 8cdc Write Ahead Log file in ./storage\collections\test_collection_20260202205510\0\segments\d1622982-fb2a-423c-a431-9ae0e5604e89\payload_index: 
2026/02/02-20:55:19.126164 8cdc                         Options.error_if_exists: 0
2026/02/02-20:55:19.126172 8cdc                       Options.create_if_missing: 1
2026/02/02-20:55:19.127652 8cdc                         Options.paranoid_checks: 1
2026/02/02-20:55:19.127669 8cdc             Options.flush_verify_memtable_count: 1
2026/02/02-20:55:19.127678 8cdc                               Options.track_and_verify_wals_in_manifest: 0
2026/02/02-20:55:19.127685 8cdc        Options.verify_sst_unique_id_in_manifest: 1
2026/02/02-20:55:19.127692 8cdc                                     Options.env: 000002C6F299B210
2026/02/02-20:55:19.127700 8cdc                                      Options.fs: WinFS
2026/02/02-20:55:19.127706 8cdc                                Options.info_log: 000002C6F4E1D320
2026/02/02-20:55:19.127713 8cdc                Options.max_file_opening_threads: 16
2026/02/02-20:55:19.127719 8cdc                              Options.statistics: 0000000000000000
2026/02/02-20:55:19.127727 8cdc                               Options.use_fsync: 0
2026/02/02-20:55:19.127735 8cdc                       Options.max_log_file_size: 1048576
2026/02/02-20:55:19.127743 8cdc                  Options.max_manifest_file_size: 1073741824
2026/02/02-20:55:19.127753 8cdc                   Options.log_file_time_to_roll: 0
2026/02/02-20:55:19.127761 8cdc                       Options.keep_log_file_num: 1
2026/02/02-20:55:19.127768 8cdc                    Options.recycle_log_file_num: 0
2026/02/02-20:55:19.127774 8cdc                         Options.allow_fallocate: 1
2026/02/02-20:55:19.127781 8cdc                        Options.allow_mmap_reads: 0
2026/02/02-20:55:19.127787 8cdc                       Options.allow_mmap_writes: 0
2026/02/02-20:55:19.127794 8cdc                        Options.use_direct_reads: 0
2026/02/02-20:55:19.127800 8cdc                        Options.use_direct_io_for_flush_and_compaction: 0
2026/02/02-20:55:19.127807 8cdc          Options.create_missing_column_families: 1
2026/02/02-20:55:19.127813 8cdc                              Options.db_log_dir: 
2026/02/02-20:55:19.127820 8cdc                                 Options.wal_dir: 
2026/02/02-20:55:19.127826 8cdc                Options.table_cache_numshardbits: 6
2026/02/02-20:55:19.127833 8cdc                         Options.WAL_ttl_seconds: 0
2026/02/02-20:55:19.127839 8cdc                       Options.WAL_size_limit_MB: 0
2026/02/02-20:55:19.127846 8cdc                        Options.max_write_batch_group_size_bytes: 1048576
2026/02/02-20:55:19.127852 8cdc             Options.manifest_preallocation_size: 4194304
2026/02/02-20:55:19.127859 8cdc                     Options.is_fd_close_on_exec: 1
2026/02/02-20:55:19.127865 8cdc                   Options.advise_random_on_open: 1
2026/02/02-20:55:19.127872 8cdc                    Options.db_write_buffer_size: 0
2026/02/02-20:55:19.127878 8cdc                    Options.write_buffer_manager: 000002C6F5A153D0
2026/02/02-20:55:19.127885 8cdc         Options.access_hint_on_compaction_start: 1
2026/02/02-20:55:19.127891 8cdc           Options.random_access_max_buffer_size: 1048576
2026/02/02-20:55:19.127897 8cdc                      Options.use_adaptive_mutex: 0
2026/02/02-20:55:19.127903 8cdc                            Options.rate_limiter: 0000000000000000
2026/02/02-20:55:19.127909 8cdc     Options.sst_file_manager.rate_bytes_per_sec: 0
2026/02/02-20:55:19.127915 8cdc                       Options.wal_recovery_mode: 0
2026/02/02-20:55:19.127920 8cdc                  Options.enable_thread_tracking: 0
2026/02/02-20:55:19.127964 8cdc                  Options.enable_pipelined_write: 0
2026/02/02-20:55:19.127974 8cdc                  Options.unordered_write: 0
2026/02/02-20:55:19.127980 8cdc         Options.allow_concurrent_memtable_write: 1
2026/02/02-20:55:19.127986 8cdc      Options.enable_write_thread_adaptive_yield: 1
2026/02/02-20:55:19.127992 8cdc             Options.write_thread_max_yield_usec: 100
2026/02/02-20:55:19.127997 8cdc            Options.write_thread_slow_yield_usec: 3
2026/02/02-20:55:19.128003 8cdc                               Options.row_cache: None
2026/02/02-20:55:19.128009 8cdc                              Options.wal_filter: None
2026/02/02-20:55:19.128014 8cdc             Options.avoid_flush_during_recovery: 0
2026/02/02-20:55:19.128020 8cdc             Options.allow_ingest_behind: 0
2026/02/02-20:55:19.128025 8cdc             Options.two_write_queues: 0
2026/02/02-20:55:19.128030 8cdc             Options.manual_wal_flush: 0
2026/02/02-20:55:19.128036 8cdc             Options.wal_compression: 0
2026/02/02-20:55:19.128041 8cdc             Options.atomic_flush: 0
2026/02/02-20:55:19.128047 8cdc             Options.avoid_unnecessary_blocking_io: 0
2026/02/02-20:55:19.128052 8cdc                 Options.persist_stats_to_disk: 0
2026/02/02-20:55:19.128058 8cdc                 Options.write_dbid_to_manifest: 0
2026/02/02-20:55:19.128063 8cdc                 Options.log_readahead_size: 0
2026/02/02-20:55:19.128069 8cdc                 Options.file_checksum_gen_factory: Unknown
2026/02/02-20:55:19.128075 8cdc                 Options.best_efforts_recovery: 0
2026/02/02-20:55:19.128080 8cdc                Options.max_bgerror_resume_count: 2147483647
2026/02/02-20:55:19.128086 8cdc            Options.bgerror_resume_retry_interval: 1000000
2026/02/02-20:55:19.128092 8cdc             Options.allow_data_in_errors: 0
2026/02/02-20:55:19.128097 8cdc             Options.db_host_id: __hostname__
2026/02/02-20:55:19.128103 8cdc             Options.enforce_single_del_contracts: true
2026/02/02-20:55:19.128108 8cdc             Options.max_background_jobs: 2
2026/02/02-20:55:19.128114 8cdc             Options.max_background_compactions: -1
2026/02/02-20:55:19.128120 8cdc             Options.max_subcompactions: 1
2026/02/02-20:55:19.128126 8cdc             Options.avoid_flush_during_shutdown: 0
2026/02/02-20:55:19.128132 8cdc           Options.writable_file_max_buffer_size: 1048576
2026/02/02-20:55:19.128137 8cdc             Options.delayed_write_rate : 16777216
2026/02/02-20:55:19.128143 8cdc             Options.max_total_wal_size: 0
2026/02/02-20:55:19.128148 8cdc             Options.delete_obsolete_files_period_micros: 180000000
2026/02/02-20:55:19.128154 8cdc                   Options.stats_dump_period_sec: 600
2026/02/02-20:55:19.128160 8cdc                 Options.stats_persist_period_sec: 600
2026/02/02-20:55:19.128166 8cdc                 Options.stats_history_buffer_size: 1048576
2026/02/02-20:55:19.128172 8cdc                          Options.max_open_files: 256
2026/02/02-20:55:19.128177 8cdc                          Options.bytes_per_sync: 0
2026/02/02-20:55:19.128184 8cdc                      Options.wal_bytes_per_sync: 0
2026/02/02-20:55:19.128189 8cdc                   Options.strict_bytes_per_sync: 0
2026/02/02-20:55:19.128195 8cdc       Options.compaction_readahead_size: 0
2026/02/02-20:55:19.128201 8cdc                  Options.max_background_flushes: -1
2026/02/02-20:55:19.128207 8cdc Compression algorithms supported:
2026/02/02-20:55:19.128213 8cdc 	kZSTD supported: 0
2026/02/02-20:55:19.128218 8cdc 	kSnappyCompression supported: 1
2026/02/02-20:55:19.128224 8cdc 	kBZip2Compression supported: 0
2026/02/02-20:55:19.128230 8cdc 	kZlibCompression supported: 0
2026/02/02-20:55:19.128235 8cdc 	kLZ4Compression supported: 0
2026/02/02-20:55:19.128241 8cdc 	kXpressCompression supported: 0
2026/02/02-20:55:19.128246 8cdc 	kLZ4HCCompression supported: 0
2026/02/02-20:55:19.128251 8cdc 	kZSTDNotFinalCompression supported: 0
2026/02/02-20:55:19.128257 8cdc Fast CRC32 supported: Not supported on x86
2026/02/02-20:55:19.128319 8cdc DMutex implementation: std::mutex
2026/02/02-20:55:19.178210 8cdc               Options.comparator: leveldb.BytewiseComparator
2026/02/02-20:55:19.178220 8cdc           Options.merge_operator: None
2026/02/02-20:55:19.178224 8cdc        Options.compaction_filter: None
2026/02/02-20:55:19.178227 8cdc        Options.compaction_filter_factory: None
2026/02/02-20:55:19.178231 8cdc  Options.sst_partitioner_factory: None
2026/02/02-20:55:19.178234 8cdc         Options.memtable_factory: SkipListFactory
2026/02/02-20:55:19.178237 8cdc            Options.table_factory: BlockBasedTable
2026/02/02-20:55:19.178259 8cdc            table_factory options:   flush_block_policy_factory: FlushBlockBySizePolicyFactory (000002C6F47E2500)
  cache_index_and_filter_blocks: 0
  cache_index_and_filter_blocks_with_high_priority: 1
  pin_l0_filter_and_index_blocks_in_cache: 0
  pin_top_level_index_and_filter: 1
  index_type: 0
  data_block_index_type: 0
  index_shortening: 1
  data_block_hash_table_util_ratio: 0.750000
  checksum: 4
  no_block_cache: 0
  block_cache: 000002C6F5A15110
  block_cache_name: LRUCache
  block_cache_options:
    capacity : 8388608
    num_shard_bits : 4
    strict_capacity_limit : 0
    memory_allocator : None
    high_pri_pool_ratio: 0.000
    low_pri_pool_ratio: 0.000
  persistent_cache: 0000000000000000
  block_size: 4096
  block_size_deviation: 10
  block_restart_interval: 16
  index_block_restart_interval: 1
  metadata_block_size: 4096
  partition_filters: 0
  use_delta_encoding: 1
  filter_policy: nullptr
  whole_key_filtering: 1
  verify_compression: 0
  read_amp_bytes_per_bit: 0
  format_version: 5
  enable_index_compression: 1
  block_align: 0
  max_auto_readahead_size: 262144
  prepopulate_block_cache: 0
  initial_auto_readahead_size: 8192
  num_file_reads_for_auto_readahead: 2
2026/02/02-20:55:19.178265 8cdc        Options.write_buffer_size: 10485760
2026/02/02-20:55:19.178268 8cdc  Options.max_write_buffer_number: 2
2026/02/02-20:55:19.178271 8cdc          Options.compression: Snappy
2026/02/02-20:55:19.178274 8cdc                  Options.bottommost_compression: Disabled
2026/02/02-20:55:19.178277 8cdc       Options.prefix_extractor: nullptr
2026/02/02-20:55:19.178280 8cdc   Options.memtable_insert_with_hint_prefix_extractor: nullptr
2026/02/02-20:55:19.178283 8cdc             Options.num_levels: 7
2026/02/02-20:55:19.178286 8cdc        Options.min_write_buffer_number_to_merge: 1
2026/02/02-20:55:19.178289 8cdc     Options.max_write_buffer_number_to_maintain: 0
2026/02/02-20:55:19.178292 8cdc     Options.max_write_buffer_size_to_maintain: 0
2026/02/02-20:55:19.178295 8cdc            Options.bottommost_compression_opts.window_bits: -14
2026/02/02-20:55:19.178298 8cdc                  Options.bottommost_compression_opts.level: 32767
2026/02/02-20:55:19.178302 8cdc               Options.bottommost_compression_opts.strategy: 0
2026/02/02-20:55:19.178305 8cdc         Options.bottommost_compression_opts.max_dict_bytes: 0
2026/02/02-20:55:19.178308 8cdc         Options.bottommost_compression_opts.zstd_max_train_bytes: 0
2026/02/02-20:55:19.178311 8cdc         Options.bottommost_compression_opts.parallel_threads: 1
2026/02/02-20:55:19.178314 8cdc                  Options.bottommost_compression_opts.enabled: false
2026/02/02-20:55:19.178317 8cdc         Options.bottommost_compression_opts.max_dict_buffer_bytes: 0
2026/02/02-20:55:19.178320 8cdc         Options.bottommost_compression_opts.use_zstd_dict_trainer: true
2026/02/02-20:55:19.178324 8cdc            Options.compression_opts.window_bits: -14
2026/02/02-20:55:19.178341 8cdc                  Options.compression_opts.level: 32767
2026/02/02-20:55:19.178344 8cdc               Options.compression_opts.strategy: 0
2026/02/02-20:55:19.178347 8cdc         Options.compression_opts.max_dict_bytes: 0
2026/02/02-20:55:19.178350 8cdc         Options.compression_opts.zstd_max_train_bytes: 0
2026/02/02-20:55:19.178353 8cdc         Options.compression_opts.use_zstd_dict_trainer: true
2026/02/02-20:55:19.178360 8cdc         Options.compression_opts.parallel_threads: 1
2026/02/02-20:55:19.178364 8cdc                  Options.compression_opts.enabled: false
2026/02/02-20:55:19.178368 8cdc         Options.compression_opts.max_dict_buffer_bytes: 0
2026/02/02-20:55:19.178371 8cdc      Options.level0_file_num_compaction_trigger: 4
2026/02/02-20:55:19.178374 8cdc          Options.level0_slowdown_writes_trigger: 20
2026/02/02-20:55:19.178377 8cdc              Options.level0_stop_writes_trigger: 36
2026/02/02-20:55:19.178380 8cdc                   Options.target_file_size_base: 67108864
2026/02/02-20:55:19.178383 8cdc             Options.target_file_size_multiplier: 1
2026/02/02-20:55:19.178386 8cdc                Options.max_bytes_for_level_base: 268435456
2026/02/02-20:55:19.178389 8cdc Options.level_compaction_dynamic_level_bytes: 0
2026/02/02-20:55:19.178393 8cdc          Options.max_bytes_for_level_multiplier: 10.000000
2026/02/02-20:55:19.178396 8cdc Options.max_bytes_for_level_multiplier_addtl[0]: 1
2026/02/02-20:55:19.178399 8cdc Options.max_bytes_for_level_multiplier_addtl[1]: 1
2026/02/02-20:55:19.178403 8cdc Options.max_bytes_for_level_multiplier_addtl[2]: 1
2026/02/02-20:55:19.178406 8cdc Options.max_bytes_for_level_multiplier_addtl[3]: 1
2026/02/02-20:55:19.178409 8cdc Options.max_bytes_for_level_multiplier_addtl[4]: 1
2026/02/02-20:55:19.178412 8cdc Options.max_bytes_for_level_multiplier_addtl[5]: 1
2026/02/02-20:55:19.178415 8cdc Options.max_bytes_for_level_multiplier_addtl[6]: 1
2026/02/02-20:55:19.178418 8cdc       Options.max_sequential_skip_in_iterations: 8
2026/02/02-20:55:19.178421 8cdc                    Options.max_compaction_bytes: 1677721600
2026/02/02-20:55:19.178424 8cdc   Options.ignore_max_compaction_bytes_for_input: true
2026/02/02-20:55:19.178427 8cdc                        Options.arena_block_size: 1048576
2026/02/02-20:55:19.178430 8cdc   Options.soft_pending_compaction_bytes_limit: 68719476736
2026/02/02-20:55:19.178433 8cdc   Options.hard_pending_compaction_bytes_limit: 274877906944
2026/02/02-20:55:19.178436 8cdc                Options.disable_auto_compactions: 0
2026/02/02-20:55:19.178439 8cdc                        Options.compaction_style: kCompactionStyleLevel
2026/02/02-20:55:19.178442 8cdc                          Options.compaction_pri: kMinOverlappingRatio
2026/02/02-20:55:19.178445 8cdc Options.compaction_options_universal.size_ratio: 1
2026/02/02-20:55:19.178448 8cdc Options.compaction_options_universal.min_merge_width: 2
2026/02/02-20:55:19.178451 8cdc Options.compaction_options_universal.max_merge_width: 4294967295
2026/02/02-20:55:19.178454 8cdc Options.compaction_options_universal.max_size_amplification_percent: 200
2026/02/02-20:55:19.178458 8cdc Options.compaction_options_universal.compression_size_percent: -1
2026/02/02-20:55:19.178461 8cdc Options.compaction_options_universal.stop_style: kCompactionStopStyleTotalSize
2026/02/02-20:55:19.178464 8cdc Options.compaction_options_fifo.max_table_files_size: 1073741824
2026/02/02-20:55:19.178467 8cdc Options.compaction_options_fifo.allow_compaction: 0
2026/02/02-20:55:19.178471 8cdc                   Options.table_properties_collectors: 
2026/02/02-20:55:19.178474 8cdc                   Options.inplace_update_support: 0
2026/02/02-20:55:19.178477 8cdc                 Options.inplace_update_num_locks: 10000
2026/02/02-20:55:19.178480 8cdc               Options.memtable_prefix_bloom_size_ratio: 0.000000
2026/02/02-20:55:19.178484 8cdc               Options.memtable_whole_key_filtering: 0
2026/02/02-20:55:19.178487 8cdc   Options.memtable_huge_page_size: 0
2026/02/02-20:55:19.178490 8cdc                           Options.bloom_locality: 0
2026/02/02-20:55:19.178493 8cdc                    Options.max_successive_merges: 0
2026/02/02-20:55:19.178497 8cdc                Options.optimize_filters_for_hits: 0
2026/02/02-20:55:19.178500 8cdc                Options.paranoid_file_checks: 0
2026/02/02-20:55:19.178503 8cdc                Options.force_consistency_checks: 1
2026/02/02-20:55:19.178505 8cdc                Options.report_bg_io_stats: 0
2026/02/02-20:55:19.178534 8cdc                               Options.ttl: 2592000
2026/02/02-20:55:19.178539 8cdc          Options.periodic_compaction_seconds: 0
2026/02/02-20:55:19.178543 8cdc  Options.preclude_last_level_data_seconds: 0
2026/02/02-20:55:19.178546 8cdc    Options.preserve_internal_time_seconds: 0
2026/02/02-20:55:19.178549 8cdc                       Options.enable_blob_files: false
2026/02/02-20:55:19.178552 8cdc                           Options.min_blob_size: 0
2026/02/02-20:55:19.178555 8cdc                          Options.blob_file_size: 268435456
2026/02/02-20:55:19.178558 8cdc                   Options.blob_compression_type: NoCompression
2026/02/02-20:55:19.178561 8cdc          Options.enable_blob_garbage_collection: false
2026/02/02-20:55:19.178566 8cdc      Options.blob_garbage_collection_age_cutoff: 0.250000
2026/02/02-20:55:19.178570 8cdc Options.blob_garbage_collection_force_threshold: 1.000000
2026/02/02-20:55:19.178574 8cdc          Options.blob_compaction_readahead_size: 0
2026/02/02-20:55:19.178578 8cdc                Options.blob_file_starting_level: 0
2026/02/02-20:55:19.178582 8cdc Options.experimental_mempurge_threshold: 0.000000
2026/02/02-20:55:19.251956 8cdc DB pointer 000002C6F4CCEBC0
