2026/02/02-20:55:19.132937 8cc4 RocksDB version: 8.1.1
2026/02/02-20:55:19.132985 8cc4 Compile date 2023-04-06 16:38:52
2026/02/02-20:55:19.133001 8cc4 DB SUMMARY
2026/02/02-20:55:19.133011 8cc4 DB Session ID:  QYZL2ZJ6NV5BAJM1VS4H
2026/02/02-20:55:19.133348 8cc4 SST files in ./storage\collections\test_collection_20260202205510\0\segments\c36c4009-34eb-4693-ba70-0f1a3061bf5f\payload_index dir, Total Num: 0, files: 
2026/02/02-20:55:19.133367 8cc4 Write Ahead Log file in ./storage\collections\test_collection_20260202205510\0\segments\c36c4009-34eb-4693-ba70-0f1a3061bf5f\payload_index: 
2026/02/02-20:55:19.133377 8cc4                         Options.error_if_exists: 0
2026/02/02-20:55:19.133385 8cc4                       Options.create_if_missing: 1
2026/02/02-20:55:19.134321 8cc4                         Options.paranoid_checks: 1
2026/02/02-20:55:19.134330 8cc4             Options.flush_verify_memtable_count: 1
2026/02/02-20:55:19.134334 8cc4                               Options.track_and_verify_wals_in_manifest: 0
2026/02/02-20:55:19.134337 8cc4        Options.verify_sst_unique_id_in_manifest: 1
2026/02/02-20:55:19.134340 8cc4                                     Options.env: 000002C6F299B210
2026/02/02-20:55:19.134344 8cc4                                      Options.fs: WinFS
2026/02/02-20:55:19.134347 8cc4                                Options.info_log: 000002C6F4E1C920
2026/02/02-20:55:19.134350 8cc4                Options.max_file_opening_threads: 16
2026/02/02-20:55:19.134353 8cc4                              Options.statistics: 0000000000000000
2026/02/02-20:55:19.134356 8cc4                               Options.use_fsync: 0
2026/02/02-20:55:19.134359 8cc4                       Options.max_log_file_size: 1048576
2026/02/02-20:55:19.134362 8cc4                  Options.max_manifest_file_size: 1073741824
2026/02/02-20:55:19.134365 8cc4                   Options.log_file_time_to_roll: 0
2026/02/02-20:55:19.134368 8cc4                       Options.keep_log_file_num: 1
2026/02/02-20:55:19.134371 8cc4                    Options.recycle_log_file_num: 0
2026/02/02-20:55:19.134373 8cc4                         Options.allow_fallocate: 1
2026/02/02-20:55:19.134376 8cc4                        Options.allow_mmap_reads: 0
2026/02/02-20:55:19.134379 8cc4                       Options.allow_mmap_writes: 0
2026/02/02-20:55:19.134382 8cc4                        Options.use_direct_reads: 0
2026/02/02-20:55:19.134385 8cc4                        Options.use_direct_io_for_flush_and_compaction: 0
2026/02/02-20:55:19.134388 8cc4          Options.create_missing_column_families: 1
2026/02/02-20:55:19.134392 8cc4                              Options.db_log_dir: 
2026/02/02-20:55:19.134395 8cc4                                 Options.wal_dir: 
2026/02/02-20:55:19.134399 8cc4                Options.table_cache_numshardbits: 6
2026/02/02-20:55:19.134402 8cc4                         Options.WAL_ttl_seconds: 0
2026/02/02-20:55:19.134405 8cc4                       Options.WAL_size_limit_MB: 0
2026/02/02-20:55:19.134408 8cc4                        Options.max_write_batch_group_size_bytes: 1048576
2026/02/02-20:55:19.134411 8cc4             Options.manifest_preallocation_size: 4194304
2026/02/02-20:55:19.134414 8cc4                     Options.is_fd_close_on_exec: 1
2026/02/02-20:55:19.134417 8cc4                   Options.advise_random_on_open: 1
2026/02/02-20:55:19.134420 8cc4                    Options.db_write_buffer_size: 0
2026/02/02-20:55:19.134423 8cc4                    Options.write_buffer_manager: 000002C6F59AF080
2026/02/02-20:55:19.134426 8cc4         Options.access_hint_on_compaction_start: 1
2026/02/02-20:55:19.134429 8cc4           Options.random_access_max_buffer_size: 1048576
2026/02/02-20:55:19.134432 8cc4                      Options.use_adaptive_mutex: 0
2026/02/02-20:55:19.134435 8cc4                            Options.rate_limiter: 0000000000000000
2026/02/02-20:55:19.134438 8cc4     Options.sst_file_manager.rate_bytes_per_sec: 0
2026/02/02-20:55:19.134441 8cc4                       Options.wal_recovery_mode: 0
2026/02/02-20:55:19.134443 8cc4                  Options.enable_thread_tracking: 0
2026/02/02-20:55:19.134466 8cc4                  Options.enable_pipelined_write: 0
2026/02/02-20:55:19.134472 8cc4                  Options.unordered_write: 0
2026/02/02-20:55:19.134474 8cc4         Options.allow_concurrent_memtable_write: 1
2026/02/02-20:55:19.134477 8cc4      Options.enable_write_thread_adaptive_yield: 1
2026/02/02-20:55:19.134480 8cc4             Options.write_thread_max_yield_usec: 100
2026/02/02-20:55:19.134483 8cc4            Options.write_thread_slow_yield_usec: 3
2026/02/02-20:55:19.134486 8cc4                               Options.row_cache: None
2026/02/02-20:55:19.134489 8cc4                              Options.wal_filter: None
2026/02/02-20:55:19.134492 8cc4             Options.avoid_flush_during_recovery: 0
2026/02/02-20:55:19.134495 8cc4             Options.allow_ingest_behind: 0
2026/02/02-20:55:19.134498 8cc4             Options.two_write_queues: 0
2026/02/02-20:55:19.134501 8cc4             Options.manual_wal_flush: 0
2026/02/02-20:55:19.134503 8cc4             Options.wal_compression: 0
2026/02/02-20:55:19.134506 8cc4             Options.atomic_flush: 0
2026/02/02-20:55:19.134509 8cc4             Options.avoid_unnecessary_blocking_io: 0
2026/02/02-20:55:19.134512 8cc4                 Options.persist_stats_to_disk: 0
2026/02/02-20:55:19.134515 8cc4                 Options.write_dbid_to_manifest: 0
2026/02/02-20:55:19.134518 8cc4                 Options.log_readahead_size: 0
2026/02/02-20:55:19.134521 8cc4                 Options.file_checksum_gen_factory: Unknown
2026/02/02-20:55:19.134523 8cc4                 Options.best_efforts_recovery: 0
2026/02/02-20:55:19.134526 8cc4                Options.max_bgerror_resume_count: 2147483647
2026/02/02-20:55:19.134529 8cc4            Options.bgerror_resume_retry_interval: 1000000
2026/02/02-20:55:19.134532 8cc4             Options.allow_data_in_errors: 0
2026/02/02-20:55:19.134535 8cc4             Options.db_host_id: __hostname__
2026/02/02-20:55:19.134538 8cc4             Options.enforce_single_del_contracts: true
2026/02/02-20:55:19.134541 8cc4             Options.max_background_jobs: 2
2026/02/02-20:55:19.134544 8cc4             Options.max_background_compactions: -1
2026/02/02-20:55:19.134547 8cc4             Options.max_subcompactions: 1
2026/02/02-20:55:19.134550 8cc4             Options.avoid_flush_during_shutdown: 0
2026/02/02-20:55:19.134553 8cc4           Options.writable_file_max_buffer_size: 1048576
2026/02/02-20:55:19.134556 8cc4             Options.delayed_write_rate : 16777216
2026/02/02-20:55:19.134559 8cc4             Options.max_total_wal_size: 0
2026/02/02-20:55:19.134562 8cc4             Options.delete_obsolete_files_period_micros: 180000000
2026/02/02-20:55:19.134565 8cc4                   Options.stats_dump_period_sec: 600
2026/02/02-20:55:19.134568 8cc4                 Options.stats_persist_period_sec: 600
2026/02/02-20:55:19.134571 8cc4                 Options.stats_history_buffer_size: 1048576
2026/02/02-20:55:19.134574 8cc4                          Options.max_open_files: 256
2026/02/02-20:55:19.134577 8cc4                          Options.bytes_per_sync: 0
2026/02/02-20:55:19.134581 8cc4                      Options.wal_bytes_per_sync: 0
2026/02/02-20:55:19.134584 8cc4                   Options.strict_bytes_per_sync: 0
2026/02/02-20:55:19.134587 8cc4       Options.compaction_readahead_size: 0
2026/02/02-20:55:19.134589 8cc4                  Options.max_background_flushes: -1
2026/02/02-20:55:19.134592 8cc4 Compression algorithms supported:
2026/02/02-20:55:19.134596 8cc4 	kZSTD supported: 0
2026/02/02-20:55:19.134599 8cc4 	kSnappyCompression supported: 1
2026/02/02-20:55:19.134602 8cc4 	kBZip2Compression supported: 0
2026/02/02-20:55:19.134604 8cc4 	kZlibCompression supported: 0
2026/02/02-20:55:19.134607 8cc4 	kLZ4Compression supported: 0
2026/02/02-20:55:19.134610 8cc4 	kXpressCompression supported: 0
2026/02/02-20:55:19.134612 8cc4 	kLZ4HCCompression supported: 0
2026/02/02-20:55:19.134615 8cc4 	kZSTDNotFinalCompression supported: 0
2026/02/02-20:55:19.134618 8cc4 Fast CRC32 supported: Not supported on x86
2026/02/02-20:55:19.134635 8cc4 DMutex implementation: std::mutex
2026/02/02-20:55:19.178121 8cc4               Options.comparator: leveldb.BytewiseComparator
2026/02/02-20:55:19.178132 8cc4           Options.merge_operator: None
2026/02/02-20:55:19.178136 8cc4        Options.compaction_filter: None
2026/02/02-20:55:19.178139 8cc4        Options.compaction_filter_factory: None
2026/02/02-20:55:19.178142 8cc4  Options.sst_partitioner_factory: None
2026/02/02-20:55:19.178144 8cc4         Options.memtable_factory: SkipListFactory
2026/02/02-20:55:19.178147 8cc4            Options.table_factory: BlockBasedTable
2026/02/02-20:55:19.178168 8cc4            table_factory options:   flush_block_policy_factory: FlushBlockBySizePolicyFactory (000002C6F9E4DFB0)
  cache_index_and_filter_blocks: 0
  cache_index_and_filter_blocks_with_high_priority: 1
  pin_l0_filter_and_index_blocks_in_cache: 0
  pin_top_level_index_and_filter: 1
  index_type: 0
  data_block_index_type: 0
  index_shortening: 1
  data_block_hash_table_util_ratio: 0.750000
  checksum: 4
  no_block_cache: 0
  block_cache: 000002C6F59AF180
  block_cache_name: LRUCache
  block_cache_options:
    capacity : 8388608
    num_shard_bits : 4
    strict_capacity_limit : 0
    memory_allocator : None
    high_pri_pool_ratio: 0.000
    low_pri_pool_ratio: 0.000
  persistent_cache: 0000000000000000
  block_size: 4096
  block_size_deviation: 10
  block_restart_interval: 16
  index_block_restart_interval: 1
  metadata_block_size: 4096
  partition_filters: 0
  use_delta_encoding: 1
  filter_policy: nullptr
  whole_key_filtering: 1
  verify_compression: 0
  read_amp_bytes_per_bit: 0
  format_version: 5
  enable_index_compression: 1
  block_align: 0
  max_auto_readahead_size: 262144
  prepopulate_block_cache: 0
  initial_auto_readahead_size: 8192
  num_file_reads_for_auto_readahead: 2
2026/02/02-20:55:19.178173 8cc4        Options.write_buffer_size: 10485760
2026/02/02-20:55:19.178176 8cc4  Options.max_write_buffer_number: 2
2026/02/02-20:55:19.178179 8cc4          Options.compression: Snappy
2026/02/02-20:55:19.178182 8cc4                  Options.bottommost_compression: Disabled
2026/02/02-20:55:19.178185 8cc4       Options.prefix_extractor: nullptr
2026/02/02-20:55:19.178187 8cc4   Options.memtable_insert_with_hint_prefix_extractor: nullptr
2026/02/02-20:55:19.178190 8cc4             Options.num_levels: 7
2026/02/02-20:55:19.178193 8cc4        Options.min_write_buffer_number_to_merge: 1
2026/02/02-20:55:19.178196 8cc4     Options.max_write_buffer_number_to_maintain: 0
2026/02/02-20:55:19.178199 8cc4     Options.max_write_buffer_size_to_maintain: 0
2026/02/02-20:55:19.178202 8cc4            Options.bottommost_compression_opts.window_bits: -14
2026/02/02-20:55:19.178205 8cc4                  Options.bottommost_compression_opts.level: 32767
2026/02/02-20:55:19.178208 8cc4               Options.bottommost_compression_opts.strategy: 0
2026/02/02-20:55:19.178211 8cc4         Options.bottommost_compression_opts.max_dict_bytes: 0
2026/02/02-20:55:19.178214 8cc4         Options.bottommost_compression_opts.zstd_max_train_bytes: 0
2026/02/02-20:55:19.178217 8cc4         Options.bottommost_compression_opts.parallel_threads: 1
2026/02/02-20:55:19.178221 8cc4                  Options.bottommost_compression_opts.enabled: false
2026/02/02-20:55:19.178224 8cc4         Options.bottommost_compression_opts.max_dict_buffer_bytes: 0
2026/02/02-20:55:19.178227 8cc4         Options.bottommost_compression_opts.use_zstd_dict_trainer: true
2026/02/02-20:55:19.178231 8cc4            Options.compression_opts.window_bits: -14
2026/02/02-20:55:19.178234 8cc4                  Options.compression_opts.level: 32767
2026/02/02-20:55:19.178237 8cc4               Options.compression_opts.strategy: 0
2026/02/02-20:55:19.178240 8cc4         Options.compression_opts.max_dict_bytes: 0
2026/02/02-20:55:19.178243 8cc4         Options.compression_opts.zstd_max_train_bytes: 0
2026/02/02-20:55:19.178247 8cc4         Options.compression_opts.use_zstd_dict_trainer: true
2026/02/02-20:55:19.178253 8cc4         Options.compression_opts.parallel_threads: 1
2026/02/02-20:55:19.178257 8cc4                  Options.compression_opts.enabled: false
2026/02/02-20:55:19.178260 8cc4         Options.compression_opts.max_dict_buffer_bytes: 0
2026/02/02-20:55:19.178264 8cc4      Options.level0_file_num_compaction_trigger: 4
2026/02/02-20:55:19.178267 8cc4          Options.level0_slowdown_writes_trigger: 20
2026/02/02-20:55:19.178270 8cc4              Options.level0_stop_writes_trigger: 36
2026/02/02-20:55:19.178273 8cc4                   Options.target_file_size_base: 67108864
2026/02/02-20:55:19.178276 8cc4             Options.target_file_size_multiplier: 1
2026/02/02-20:55:19.178279 8cc4                Options.max_bytes_for_level_base: 268435456
2026/02/02-20:55:19.178282 8cc4 Options.level_compaction_dynamic_level_bytes: 0
2026/02/02-20:55:19.178285 8cc4          Options.max_bytes_for_level_multiplier: 10.000000
2026/02/02-20:55:19.178289 8cc4 Options.max_bytes_for_level_multiplier_addtl[0]: 1
2026/02/02-20:55:19.178292 8cc4 Options.max_bytes_for_level_multiplier_addtl[1]: 1
2026/02/02-20:55:19.178295 8cc4 Options.max_bytes_for_level_multiplier_addtl[2]: 1
2026/02/02-20:55:19.178298 8cc4 Options.max_bytes_for_level_multiplier_addtl[3]: 1
2026/02/02-20:55:19.178301 8cc4 Options.max_bytes_for_level_multiplier_addtl[4]: 1
2026/02/02-20:55:19.178304 8cc4 Options.max_bytes_for_level_multiplier_addtl[5]: 1
2026/02/02-20:55:19.178307 8cc4 Options.max_bytes_for_level_multiplier_addtl[6]: 1
2026/02/02-20:55:19.178311 8cc4       Options.max_sequential_skip_in_iterations: 8
2026/02/02-20:55:19.178314 8cc4                    Options.max_compaction_bytes: 1677721600
2026/02/02-20:55:19.178317 8cc4   Options.ignore_max_compaction_bytes_for_input: true
2026/02/02-20:55:19.178320 8cc4                        Options.arena_block_size: 1048576
2026/02/02-20:55:19.178323 8cc4   Options.soft_pending_compaction_bytes_limit: 68719476736
2026/02/02-20:55:19.178341 8cc4   Options.hard_pending_compaction_bytes_limit: 274877906944
2026/02/02-20:55:19.178344 8cc4                Options.disable_auto_compactions: 0
2026/02/02-20:55:19.178348 8cc4                        Options.compaction_style: kCompactionStyleLevel
2026/02/02-20:55:19.178352 8cc4                          Options.compaction_pri: kMinOverlappingRatio
2026/02/02-20:55:19.178355 8cc4 Options.compaction_options_universal.size_ratio: 1
2026/02/02-20:55:19.178358 8cc4 Options.compaction_options_universal.min_merge_width: 2
2026/02/02-20:55:19.178361 8cc4 Options.compaction_options_universal.max_merge_width: 4294967295
2026/02/02-20:55:19.178364 8cc4 Options.compaction_options_universal.max_size_amplification_percent: 200
2026/02/02-20:55:19.178368 8cc4 Options.compaction_options_universal.compression_size_percent: -1
2026/02/02-20:55:19.178371 8cc4 Options.compaction_options_universal.stop_style: kCompactionStopStyleTotalSize
2026/02/02-20:55:19.178374 8cc4 Options.compaction_options_fifo.max_table_files_size: 1073741824
2026/02/02-20:55:19.178378 8cc4 Options.compaction_options_fifo.allow_compaction: 0
2026/02/02-20:55:19.178382 8cc4                   Options.table_properties_collectors: 
2026/02/02-20:55:19.178385 8cc4                   Options.inplace_update_support: 0
2026/02/02-20:55:19.178388 8cc4                 Options.inplace_update_num_locks: 10000
2026/02/02-20:55:19.178392 8cc4               Options.memtable_prefix_bloom_size_ratio: 0.000000
2026/02/02-20:55:19.178395 8cc4               Options.memtable_whole_key_filtering: 0
2026/02/02-20:55:19.178398 8cc4   Options.memtable_huge_page_size: 0
2026/02/02-20:55:19.178402 8cc4                           Options.bloom_locality: 0
2026/02/02-20:55:19.178405 8cc4                    Options.max_successive_merges: 0
2026/02/02-20:55:19.178408 8cc4                Options.optimize_filters_for_hits: 0
2026/02/02-20:55:19.178411 8cc4                Options.paranoid_file_checks: 0
2026/02/02-20:55:19.178414 8cc4                Options.force_consistency_checks: 1
2026/02/02-20:55:19.178417 8cc4                Options.report_bg_io_stats: 0
2026/02/02-20:55:19.178448 8cc4                               Options.ttl: 2592000
2026/02/02-20:55:19.178453 8cc4          Options.periodic_compaction_seconds: 0
2026/02/02-20:55:19.178456 8cc4  Options.preclude_last_level_data_seconds: 0
2026/02/02-20:55:19.178459 8cc4    Options.preserve_internal_time_seconds: 0
2026/02/02-20:55:19.178462 8cc4                       Options.enable_blob_files: false
2026/02/02-20:55:19.178465 8cc4                           Options.min_blob_size: 0
2026/02/02-20:55:19.178468 8cc4                          Options.blob_file_size: 268435456
2026/02/02-20:55:19.178471 8cc4                   Options.blob_compression_type: NoCompression
2026/02/02-20:55:19.178474 8cc4          Options.enable_blob_garbage_collection: false
2026/02/02-20:55:19.178478 8cc4      Options.blob_garbage_collection_age_cutoff: 0.250000
2026/02/02-20:55:19.178482 8cc4 Options.blob_garbage_collection_force_threshold: 1.000000
2026/02/02-20:55:19.178485 8cc4          Options.blob_compaction_readahead_size: 0
2026/02/02-20:55:19.178488 8cc4                Options.blob_file_starting_level: 0
2026/02/02-20:55:19.178491 8cc4 Options.experimental_mempurge_threshold: 0.000000
2026/02/02-20:55:19.249971 8cc4 DB pointer 000002C6F4CCD080
