2026/02/02-20:55:19.124065 8ce4 RocksDB version: 8.1.1
2026/02/02-20:55:19.124093 8ce4 Compile date 2023-04-06 16:38:52
2026/02/02-20:55:19.124105 8ce4 DB SUMMARY
2026/02/02-20:55:19.124114 8ce4 DB Session ID:  QYZL2ZJ6NV5BAJM1VS4J
2026/02/02-20:55:19.124442 8ce4 SST files in ./storage\collections\test_collection_20260202205510\0\segments\28e01228-fb6f-4413-96c9-b90f6193cc11\payload_index dir, Total Num: 0, files: 
2026/02/02-20:55:19.124457 8ce4 Write Ahead Log file in ./storage\collections\test_collection_20260202205510\0\segments\28e01228-fb6f-4413-96c9-b90f6193cc11\payload_index: 
2026/02/02-20:55:19.124466 8ce4                         Options.error_if_exists: 0
2026/02/02-20:55:19.124474 8ce4                       Options.create_if_missing: 1
2026/02/02-20:55:19.125686 8ce4                         Options.paranoid_checks: 1
2026/02/02-20:55:19.125694 8ce4             Options.flush_verify_memtable_count: 1
2026/02/02-20:55:19.125698 8ce4                               Options.track_and_verify_wals_in_manifest: 0
2026/02/02-20:55:19.125701 8ce4        Options.verify_sst_unique_id_in_manifest: 1
2026/02/02-20:55:19.125705 8ce4                                     Options.env: 000002C6F299B210
2026/02/02-20:55:19.125708 8ce4                                      Options.fs: WinFS
2026/02/02-20:55:19.125711 8ce4                                Options.info_log: 000002C6F4E1C6A0
2026/02/02-20:55:19.125714 8ce4                Options.max_file_opening_threads: 16
2026/02/02-20:55:19.125717 8ce4                              Options.statistics: 0000000000000000
2026/02/02-20:55:19.125719 8ce4                               Options.use_fsync: 0
2026/02/02-20:55:19.125723 8ce4                       Options.max_log_file_size: 1048576
2026/02/02-20:55:19.125726 8ce4                  Options.max_manifest_file_size: 1073741824
2026/02/02-20:55:19.125729 8ce4                   Options.log_file_time_to_roll: 0
2026/02/02-20:55:19.125732 8ce4                       Options.keep_log_file_num: 1
2026/02/02-20:55:19.125734 8ce4                    Options.recycle_log_file_num: 0
2026/02/02-20:55:19.125737 8ce4                         Options.allow_fallocate: 1
2026/02/02-20:55:19.125740 8ce4                        Options.allow_mmap_reads: 0
2026/02/02-20:55:19.125743 8ce4                       Options.allow_mmap_writes: 0
2026/02/02-20:55:19.125746 8ce4                        Options.use_direct_reads: 0
2026/02/02-20:55:19.125748 8ce4                        Options.use_direct_io_for_flush_and_compaction: 0
2026/02/02-20:55:19.125751 8ce4          Options.create_missing_column_families: 1
2026/02/02-20:55:19.125754 8ce4                              Options.db_log_dir: 
2026/02/02-20:55:19.125757 8ce4                                 Options.wal_dir: 
2026/02/02-20:55:19.125760 8ce4                Options.table_cache_numshardbits: 6
2026/02/02-20:55:19.125763 8ce4                         Options.WAL_ttl_seconds: 0
2026/02/02-20:55:19.125765 8ce4                       Options.WAL_size_limit_MB: 0
2026/02/02-20:55:19.125768 8ce4                        Options.max_write_batch_group_size_bytes: 1048576
2026/02/02-20:55:19.125771 8ce4             Options.manifest_preallocation_size: 4194304
2026/02/02-20:55:19.125774 8ce4                     Options.is_fd_close_on_exec: 1
2026/02/02-20:55:19.125777 8ce4                   Options.advise_random_on_open: 1
2026/02/02-20:55:19.125780 8ce4                    Options.db_write_buffer_size: 0
2026/02/02-20:55:19.125783 8ce4                    Options.write_buffer_manager: 000002C6F4FAABF0
2026/02/02-20:55:19.125786 8ce4         Options.access_hint_on_compaction_start: 1
2026/02/02-20:55:19.125788 8ce4           Options.random_access_max_buffer_size: 1048576
2026/02/02-20:55:19.125791 8ce4                      Options.use_adaptive_mutex: 0
2026/02/02-20:55:19.125794 8ce4                            Options.rate_limiter: 0000000000000000
2026/02/02-20:55:19.125797 8ce4     Options.sst_file_manager.rate_bytes_per_sec: 0
2026/02/02-20:55:19.125800 8ce4                       Options.wal_recovery_mode: 0
2026/02/02-20:55:19.125803 8ce4                  Options.enable_thread_tracking: 0
2026/02/02-20:55:19.125826 8ce4                  Options.enable_pipelined_write: 0
2026/02/02-20:55:19.125831 8ce4                  Options.unordered_write: 0
2026/02/02-20:55:19.125835 8ce4         Options.allow_concurrent_memtable_write: 1
2026/02/02-20:55:19.125837 8ce4      Options.enable_write_thread_adaptive_yield: 1
2026/02/02-20:55:19.125840 8ce4             Options.write_thread_max_yield_usec: 100
2026/02/02-20:55:19.125843 8ce4            Options.write_thread_slow_yield_usec: 3
2026/02/02-20:55:19.125846 8ce4                               Options.row_cache: None
2026/02/02-20:55:19.125849 8ce4                              Options.wal_filter: None
2026/02/02-20:55:19.125852 8ce4             Options.avoid_flush_during_recovery: 0
2026/02/02-20:55:19.125855 8ce4             Options.allow_ingest_behind: 0
2026/02/02-20:55:19.125857 8ce4             Options.two_write_queues: 0
2026/02/02-20:55:19.125860 8ce4             Options.manual_wal_flush: 0
2026/02/02-20:55:19.125863 8ce4             Options.wal_compression: 0
2026/02/02-20:55:19.125866 8ce4             Options.atomic_flush: 0
2026/02/02-20:55:19.125868 8ce4             Options.avoid_unnecessary_blocking_io: 0
2026/02/02-20:55:19.125871 8ce4                 Options.persist_stats_to_disk: 0
2026/02/02-20:55:19.125874 8ce4                 Options.write_dbid_to_manifest: 0
2026/02/02-20:55:19.125877 8ce4                 Options.log_readahead_size: 0
2026/02/02-20:55:19.125880 8ce4                 Options.file_checksum_gen_factory: Unknown
2026/02/02-20:55:19.125883 8ce4                 Options.best_efforts_recovery: 0
2026/02/02-20:55:19.125886 8ce4                Options.max_bgerror_resume_count: 2147483647
2026/02/02-20:55:19.125889 8ce4            Options.bgerror_resume_retry_interval: 1000000
2026/02/02-20:55:19.125892 8ce4             Options.allow_data_in_errors: 0
2026/02/02-20:55:19.125894 8ce4             Options.db_host_id: __hostname__
2026/02/02-20:55:19.125897 8ce4             Options.enforce_single_del_contracts: true
2026/02/02-20:55:19.125900 8ce4             Options.max_background_jobs: 2
2026/02/02-20:55:19.125903 8ce4             Options.max_background_compactions: -1
2026/02/02-20:55:19.125906 8ce4             Options.max_subcompactions: 1
2026/02/02-20:55:19.125909 8ce4             Options.avoid_flush_during_shutdown: 0
2026/02/02-20:55:19.125912 8ce4           Options.writable_file_max_buffer_size: 1048576
2026/02/02-20:55:19.125915 8ce4             Options.delayed_write_rate : 16777216
2026/02/02-20:55:19.125918 8ce4             Options.max_total_wal_size: 0
2026/02/02-20:55:19.125921 8ce4             Options.delete_obsolete_files_period_micros: 180000000
2026/02/02-20:55:19.125924 8ce4                   Options.stats_dump_period_sec: 600
2026/02/02-20:55:19.125927 8ce4                 Options.stats_persist_period_sec: 600
2026/02/02-20:55:19.125930 8ce4                 Options.stats_history_buffer_size: 1048576
2026/02/02-20:55:19.125933 8ce4                          Options.max_open_files: 256
2026/02/02-20:55:19.125936 8ce4                          Options.bytes_per_sync: 0
2026/02/02-20:55:19.125938 8ce4                      Options.wal_bytes_per_sync: 0
2026/02/02-20:55:19.125941 8ce4                   Options.strict_bytes_per_sync: 0
2026/02/02-20:55:19.125944 8ce4       Options.compaction_readahead_size: 0
2026/02/02-20:55:19.125947 8ce4                  Options.max_background_flushes: -1
2026/02/02-20:55:19.125950 8ce4 Compression algorithms supported:
2026/02/02-20:55:19.125953 8ce4 	kZSTD supported: 0
2026/02/02-20:55:19.125956 8ce4 	kSnappyCompression supported: 1
2026/02/02-20:55:19.125958 8ce4 	kBZip2Compression supported: 0
2026/02/02-20:55:19.125961 8ce4 	kZlibCompression supported: 0
2026/02/02-20:55:19.125963 8ce4 	kLZ4Compression supported: 0
2026/02/02-20:55:19.125966 8ce4 	kXpressCompression supported: 0
2026/02/02-20:55:19.125968 8ce4 	kLZ4HCCompression supported: 0
2026/02/02-20:55:19.125971 8ce4 	kZSTDNotFinalCompression supported: 0
2026/02/02-20:55:19.125974 8ce4 Fast CRC32 supported: Not supported on x86
2026/02/02-20:55:19.125989 8ce4 DMutex implementation: std::mutex
2026/02/02-20:55:19.180307 8ce4               Options.comparator: leveldb.BytewiseComparator
2026/02/02-20:55:19.180319 8ce4           Options.merge_operator: None
2026/02/02-20:55:19.180323 8ce4        Options.compaction_filter: None
2026/02/02-20:55:19.180328 8ce4        Options.compaction_filter_factory: None
2026/02/02-20:55:19.180332 8ce4  Options.sst_partitioner_factory: None
2026/02/02-20:55:19.180336 8ce4         Options.memtable_factory: SkipListFactory
2026/02/02-20:55:19.180339 8ce4            Options.table_factory: BlockBasedTable
2026/02/02-20:55:19.180366 8ce4            table_factory options:   flush_block_policy_factory: FlushBlockBySizePolicyFactory (000002C6F5A3E750)
  cache_index_and_filter_blocks: 0
  cache_index_and_filter_blocks_with_high_priority: 1
  pin_l0_filter_and_index_blocks_in_cache: 0
  pin_top_level_index_and_filter: 1
  index_type: 0
  data_block_index_type: 0
  index_shortening: 1
  data_block_hash_table_util_ratio: 0.750000
  checksum: 4
  no_block_cache: 0
  block_cache: 000002C6F4FAAB10
  block_cache_name: LRUCache
  block_cache_options:
    capacity : 8388608
    num_shard_bits : 4
    strict_capacity_limit : 0
    memory_allocator : None
    high_pri_pool_ratio: 0.000
    low_pri_pool_ratio: 0.000
  persistent_cache: 0000000000000000
  block_size: 4096
  block_size_deviation: 10
  block_restart_interval: 16
  index_block_restart_interval: 1
  metadata_block_size: 4096
  partition_filters: 0
  use_delta_encoding: 1
  filter_policy: nullptr
  whole_key_filtering: 1
  verify_compression: 0
  read_amp_bytes_per_bit: 0
  format_version: 5
  enable_index_compression: 1
  block_align: 0
  max_auto_readahead_size: 262144
  prepopulate_block_cache: 0
  initial_auto_readahead_size: 8192
  num_file_reads_for_auto_readahead: 2
2026/02/02-20:55:19.180370 8ce4        Options.write_buffer_size: 10485760
2026/02/02-20:55:19.180373 8ce4  Options.max_write_buffer_number: 2
2026/02/02-20:55:19.180376 8ce4          Options.compression: Snappy
2026/02/02-20:55:19.180379 8ce4                  Options.bottommost_compression: Disabled
2026/02/02-20:55:19.180382 8ce4       Options.prefix_extractor: nullptr
2026/02/02-20:55:19.180385 8ce4   Options.memtable_insert_with_hint_prefix_extractor: nullptr
2026/02/02-20:55:19.180388 8ce4             Options.num_levels: 7
2026/02/02-20:55:19.180392 8ce4        Options.min_write_buffer_number_to_merge: 1
2026/02/02-20:55:19.180396 8ce4     Options.max_write_buffer_number_to_maintain: 0
2026/02/02-20:55:19.180400 8ce4     Options.max_write_buffer_size_to_maintain: 0
2026/02/02-20:55:19.180403 8ce4            Options.bottommost_compression_opts.window_bits: -14
2026/02/02-20:55:19.180406 8ce4                  Options.bottommost_compression_opts.level: 32767
2026/02/02-20:55:19.180410 8ce4               Options.bottommost_compression_opts.strategy: 0
2026/02/02-20:55:19.180413 8ce4         Options.bottommost_compression_opts.max_dict_bytes: 0
2026/02/02-20:55:19.180416 8ce4         Options.bottommost_compression_opts.zstd_max_train_bytes: 0
2026/02/02-20:55:19.180419 8ce4         Options.bottommost_compression_opts.parallel_threads: 1
2026/02/02-20:55:19.180422 8ce4                  Options.bottommost_compression_opts.enabled: false
2026/02/02-20:55:19.180426 8ce4         Options.bottommost_compression_opts.max_dict_buffer_bytes: 0
2026/02/02-20:55:19.180429 8ce4         Options.bottommost_compression_opts.use_zstd_dict_trainer: true
2026/02/02-20:55:19.180433 8ce4            Options.compression_opts.window_bits: -14
2026/02/02-20:55:19.180439 8ce4                  Options.compression_opts.level: 32767
2026/02/02-20:55:19.180443 8ce4               Options.compression_opts.strategy: 0
2026/02/02-20:55:19.180446 8ce4         Options.compression_opts.max_dict_bytes: 0
2026/02/02-20:55:19.180451 8ce4         Options.compression_opts.zstd_max_train_bytes: 0
2026/02/02-20:55:19.180455 8ce4         Options.compression_opts.use_zstd_dict_trainer: true
2026/02/02-20:55:19.180462 8ce4         Options.compression_opts.parallel_threads: 1
2026/02/02-20:55:19.180469 8ce4                  Options.compression_opts.enabled: false
2026/02/02-20:55:19.180472 8ce4         Options.compression_opts.max_dict_buffer_bytes: 0
2026/02/02-20:55:19.180477 8ce4      Options.level0_file_num_compaction_trigger: 4
2026/02/02-20:55:19.180481 8ce4          Options.level0_slowdown_writes_trigger: 20
2026/02/02-20:55:19.180484 8ce4              Options.level0_stop_writes_trigger: 36
2026/02/02-20:55:19.180487 8ce4                   Options.target_file_size_base: 67108864
2026/02/02-20:55:19.180490 8ce4             Options.target_file_size_multiplier: 1
2026/02/02-20:55:19.180493 8ce4                Options.max_bytes_for_level_base: 268435456
2026/02/02-20:55:19.180496 8ce4 Options.level_compaction_dynamic_level_bytes: 0
2026/02/02-20:55:19.180500 8ce4          Options.max_bytes_for_level_multiplier: 10.000000
2026/02/02-20:55:19.180504 8ce4 Options.max_bytes_for_level_multiplier_addtl[0]: 1
2026/02/02-20:55:19.180506 8ce4 Options.max_bytes_for_level_multiplier_addtl[1]: 1
2026/02/02-20:55:19.180509 8ce4 Options.max_bytes_for_level_multiplier_addtl[2]: 1
2026/02/02-20:55:19.180512 8ce4 Options.max_bytes_for_level_multiplier_addtl[3]: 1
2026/02/02-20:55:19.180515 8ce4 Options.max_bytes_for_level_multiplier_addtl[4]: 1
2026/02/02-20:55:19.180518 8ce4 Options.max_bytes_for_level_multiplier_addtl[5]: 1
2026/02/02-20:55:19.180521 8ce4 Options.max_bytes_for_level_multiplier_addtl[6]: 1
2026/02/02-20:55:19.180524 8ce4       Options.max_sequential_skip_in_iterations: 8
2026/02/02-20:55:19.180527 8ce4                    Options.max_compaction_bytes: 1677721600
2026/02/02-20:55:19.180529 8ce4   Options.ignore_max_compaction_bytes_for_input: true
2026/02/02-20:55:19.180532 8ce4                        Options.arena_block_size: 1048576
2026/02/02-20:55:19.180535 8ce4   Options.soft_pending_compaction_bytes_limit: 68719476736
2026/02/02-20:55:19.180538 8ce4   Options.hard_pending_compaction_bytes_limit: 274877906944
2026/02/02-20:55:19.180541 8ce4                Options.disable_auto_compactions: 0
2026/02/02-20:55:19.180544 8ce4                        Options.compaction_style: kCompactionStyleLevel
2026/02/02-20:55:19.180547 8ce4                          Options.compaction_pri: kMinOverlappingRatio
2026/02/02-20:55:19.180550 8ce4 Options.compaction_options_universal.size_ratio: 1
2026/02/02-20:55:19.180553 8ce4 Options.compaction_options_universal.min_merge_width: 2
2026/02/02-20:55:19.180556 8ce4 Options.compaction_options_universal.max_merge_width: 4294967295
2026/02/02-20:55:19.180559 8ce4 Options.compaction_options_universal.max_size_amplification_percent: 200
2026/02/02-20:55:19.180562 8ce4 Options.compaction_options_universal.compression_size_percent: -1
2026/02/02-20:55:19.180565 8ce4 Options.compaction_options_universal.stop_style: kCompactionStopStyleTotalSize
2026/02/02-20:55:19.180568 8ce4 Options.compaction_options_fifo.max_table_files_size: 1073741824
2026/02/02-20:55:19.180571 8ce4 Options.compaction_options_fifo.allow_compaction: 0
2026/02/02-20:55:19.180622 8ce4                   Options.table_properties_collectors: 
2026/02/02-20:55:19.180627 8ce4                   Options.inplace_update_support: 0
2026/02/02-20:55:19.180630 8ce4                 Options.inplace_update_num_locks: 10000
2026/02/02-20:55:19.180633 8ce4               Options.memtable_prefix_bloom_size_ratio: 0.000000
2026/02/02-20:55:19.180636 8ce4               Options.memtable_whole_key_filtering: 0
2026/02/02-20:55:19.180639 8ce4   Options.memtable_huge_page_size: 0
2026/02/02-20:55:19.180642 8ce4                           Options.bloom_locality: 0
2026/02/02-20:55:19.180645 8ce4                    Options.max_successive_merges: 0
2026/02/02-20:55:19.180648 8ce4                Options.optimize_filters_for_hits: 0
2026/02/02-20:55:19.180651 8ce4                Options.paranoid_file_checks: 0
2026/02/02-20:55:19.180654 8ce4                Options.force_consistency_checks: 1
2026/02/02-20:55:19.180657 8ce4                Options.report_bg_io_stats: 0
2026/02/02-20:55:19.180688 8ce4                               Options.ttl: 2592000
2026/02/02-20:55:19.180693 8ce4          Options.periodic_compaction_seconds: 0
2026/02/02-20:55:19.180696 8ce4  Options.preclude_last_level_data_seconds: 0
2026/02/02-20:55:19.180699 8ce4    Options.preserve_internal_time_seconds: 0
2026/02/02-20:55:19.180702 8ce4                       Options.enable_blob_files: false
2026/02/02-20:55:19.180705 8ce4                           Options.min_blob_size: 0
2026/02/02-20:55:19.180708 8ce4                          Options.blob_file_size: 268435456
2026/02/02-20:55:19.180711 8ce4                   Options.blob_compression_type: NoCompression
2026/02/02-20:55:19.180714 8ce4          Options.enable_blob_garbage_collection: false
2026/02/02-20:55:19.180717 8ce4      Options.blob_garbage_collection_age_cutoff: 0.250000
2026/02/02-20:55:19.180721 8ce4 Options.blob_garbage_collection_force_threshold: 1.000000
2026/02/02-20:55:19.180724 8ce4          Options.blob_compaction_readahead_size: 0
2026/02/02-20:55:19.180726 8ce4                Options.blob_file_starting_level: 0
2026/02/02-20:55:19.180730 8ce4 Options.experimental_mempurge_threshold: 0.000000
2026/02/02-20:55:19.237705 8ce4 DB pointer 000002C6F4CC2E40
