2026/02/02-20:55:19.104893 633c RocksDB version: 8.1.1
2026/02/02-20:55:19.104955 633c Compile date 2023-04-06 16:38:52
2026/02/02-20:55:19.104972 633c DB SUMMARY
2026/02/02-20:55:19.104982 633c DB Session ID:  QYZL2ZJ6NV5BAJM1VS4M
2026/02/02-20:55:19.105913 633c SST files in ./storage\collections\test_collection_20260202205510\0\segments\0c2d8f99-89be-4e23-9a1f-eb9f789a5dc2\payload_index dir, Total Num: 0, files: 
2026/02/02-20:55:19.105932 633c Write Ahead Log file in ./storage\collections\test_collection_20260202205510\0\segments\0c2d8f99-89be-4e23-9a1f-eb9f789a5dc2\payload_index: 
2026/02/02-20:55:19.105943 633c                         Options.error_if_exists: 0
2026/02/02-20:55:19.105951 633c                       Options.create_if_missing: 1
2026/02/02-20:55:19.107341 633c                         Options.paranoid_checks: 1
2026/02/02-20:55:19.107350 633c             Options.flush_verify_memtable_count: 1
2026/02/02-20:55:19.107355 633c                               Options.track_and_verify_wals_in_manifest: 0
2026/02/02-20:55:19.107358 633c        Options.verify_sst_unique_id_in_manifest: 1
2026/02/02-20:55:19.107361 633c                                     Options.env: 000002C6F299B210
2026/02/02-20:55:19.107364 633c                                      Options.fs: WinFS
2026/02/02-20:55:19.107367 633c                                Options.info_log: 000002C6F4E1B020
2026/02/02-20:55:19.107371 633c                Options.max_file_opening_threads: 16
2026/02/02-20:55:19.107374 633c                              Options.statistics: 0000000000000000
2026/02/02-20:55:19.107377 633c                               Options.use_fsync: 0
2026/02/02-20:55:19.107381 633c                       Options.max_log_file_size: 1048576
2026/02/02-20:55:19.107384 633c                  Options.max_manifest_file_size: 1073741824
2026/02/02-20:55:19.107388 633c                   Options.log_file_time_to_roll: 0
2026/02/02-20:55:19.107391 633c                       Options.keep_log_file_num: 1
2026/02/02-20:55:19.107394 633c                    Options.recycle_log_file_num: 0
2026/02/02-20:55:19.107397 633c                         Options.allow_fallocate: 1
2026/02/02-20:55:19.107400 633c                        Options.allow_mmap_reads: 0
2026/02/02-20:55:19.107403 633c                       Options.allow_mmap_writes: 0
2026/02/02-20:55:19.107406 633c                        Options.use_direct_reads: 0
2026/02/02-20:55:19.107408 633c                        Options.use_direct_io_for_flush_and_compaction: 0
2026/02/02-20:55:19.107411 633c          Options.create_missing_column_families: 1
2026/02/02-20:55:19.107414 633c                              Options.db_log_dir: 
2026/02/02-20:55:19.107417 633c                                 Options.wal_dir: 
2026/02/02-20:55:19.107420 633c                Options.table_cache_numshardbits: 6
2026/02/02-20:55:19.107423 633c                         Options.WAL_ttl_seconds: 0
2026/02/02-20:55:19.107426 633c                       Options.WAL_size_limit_MB: 0
2026/02/02-20:55:19.107429 633c                        Options.max_write_batch_group_size_bytes: 1048576
2026/02/02-20:55:19.107432 633c             Options.manifest_preallocation_size: 4194304
2026/02/02-20:55:19.107434 633c                     Options.is_fd_close_on_exec: 1
2026/02/02-20:55:19.107437 633c                   Options.advise_random_on_open: 1
2026/02/02-20:55:19.107440 633c                    Options.db_write_buffer_size: 0
2026/02/02-20:55:19.107443 633c                    Options.write_buffer_manager: 000002C6F9EEE100
2026/02/02-20:55:19.107446 633c         Options.access_hint_on_compaction_start: 1
2026/02/02-20:55:19.107449 633c           Options.random_access_max_buffer_size: 1048576
2026/02/02-20:55:19.107452 633c                      Options.use_adaptive_mutex: 0
2026/02/02-20:55:19.107455 633c                            Options.rate_limiter: 0000000000000000
2026/02/02-20:55:19.107458 633c     Options.sst_file_manager.rate_bytes_per_sec: 0
2026/02/02-20:55:19.107461 633c                       Options.wal_recovery_mode: 0
2026/02/02-20:55:19.107463 633c                  Options.enable_thread_tracking: 0
2026/02/02-20:55:19.107487 633c                  Options.enable_pipelined_write: 0
2026/02/02-20:55:19.107492 633c                  Options.unordered_write: 0
2026/02/02-20:55:19.107497 633c         Options.allow_concurrent_memtable_write: 1
2026/02/02-20:55:19.107503 633c      Options.enable_write_thread_adaptive_yield: 1
2026/02/02-20:55:19.107509 633c             Options.write_thread_max_yield_usec: 100
2026/02/02-20:55:19.107514 633c            Options.write_thread_slow_yield_usec: 3
2026/02/02-20:55:19.107520 633c                               Options.row_cache: None
2026/02/02-20:55:19.107526 633c                              Options.wal_filter: None
2026/02/02-20:55:19.107531 633c             Options.avoid_flush_during_recovery: 0
2026/02/02-20:55:19.107537 633c             Options.allow_ingest_behind: 0
2026/02/02-20:55:19.107542 633c             Options.two_write_queues: 0
2026/02/02-20:55:19.107548 633c             Options.manual_wal_flush: 0
2026/02/02-20:55:19.107553 633c             Options.wal_compression: 0
2026/02/02-20:55:19.107559 633c             Options.atomic_flush: 0
2026/02/02-20:55:19.107565 633c             Options.avoid_unnecessary_blocking_io: 0
2026/02/02-20:55:19.107570 633c                 Options.persist_stats_to_disk: 0
2026/02/02-20:55:19.107576 633c                 Options.write_dbid_to_manifest: 0
2026/02/02-20:55:19.107582 633c                 Options.log_readahead_size: 0
2026/02/02-20:55:19.107588 633c                 Options.file_checksum_gen_factory: Unknown
2026/02/02-20:55:19.107593 633c                 Options.best_efforts_recovery: 0
2026/02/02-20:55:19.107599 633c                Options.max_bgerror_resume_count: 2147483647
2026/02/02-20:55:19.107605 633c            Options.bgerror_resume_retry_interval: 1000000
2026/02/02-20:55:19.107611 633c             Options.allow_data_in_errors: 0
2026/02/02-20:55:19.107616 633c             Options.db_host_id: __hostname__
2026/02/02-20:55:19.107622 633c             Options.enforce_single_del_contracts: true
2026/02/02-20:55:19.107627 633c             Options.max_background_jobs: 2
2026/02/02-20:55:19.107633 633c             Options.max_background_compactions: -1
2026/02/02-20:55:19.107639 633c             Options.max_subcompactions: 1
2026/02/02-20:55:19.107644 633c             Options.avoid_flush_during_shutdown: 0
2026/02/02-20:55:19.107650 633c           Options.writable_file_max_buffer_size: 1048576
2026/02/02-20:55:19.107656 633c             Options.delayed_write_rate : 16777216
2026/02/02-20:55:19.107661 633c             Options.max_total_wal_size: 0
2026/02/02-20:55:19.107668 633c             Options.delete_obsolete_files_period_micros: 180000000
2026/02/02-20:55:19.107674 633c                   Options.stats_dump_period_sec: 600
2026/02/02-20:55:19.107680 633c                 Options.stats_persist_period_sec: 600
2026/02/02-20:55:19.107686 633c                 Options.stats_history_buffer_size: 1048576
2026/02/02-20:55:19.107691 633c                          Options.max_open_files: 256
2026/02/02-20:55:19.107697 633c                          Options.bytes_per_sync: 0
2026/02/02-20:55:19.107702 633c                      Options.wal_bytes_per_sync: 0
2026/02/02-20:55:19.107708 633c                   Options.strict_bytes_per_sync: 0
2026/02/02-20:55:19.107714 633c       Options.compaction_readahead_size: 0
2026/02/02-20:55:19.107720 633c                  Options.max_background_flushes: -1
2026/02/02-20:55:19.107725 633c Compression algorithms supported:
2026/02/02-20:55:19.107731 633c 	kZSTD supported: 0
2026/02/02-20:55:19.107737 633c 	kSnappyCompression supported: 1
2026/02/02-20:55:19.107742 633c 	kBZip2Compression supported: 0
2026/02/02-20:55:19.107747 633c 	kZlibCompression supported: 0
2026/02/02-20:55:19.107752 633c 	kLZ4Compression supported: 0
2026/02/02-20:55:19.107757 633c 	kXpressCompression supported: 0
2026/02/02-20:55:19.107763 633c 	kLZ4HCCompression supported: 0
2026/02/02-20:55:19.107768 633c 	kZSTDNotFinalCompression supported: 0
2026/02/02-20:55:19.107774 633c Fast CRC32 supported: Not supported on x86
2026/02/02-20:55:19.107805 633c DMutex implementation: std::mutex
2026/02/02-20:55:19.168774 633c               Options.comparator: leveldb.BytewiseComparator
2026/02/02-20:55:19.168795 633c           Options.merge_operator: None
2026/02/02-20:55:19.168804 633c        Options.compaction_filter: None
2026/02/02-20:55:19.168812 633c        Options.compaction_filter_factory: None
2026/02/02-20:55:19.168819 633c  Options.sst_partitioner_factory: None
2026/02/02-20:55:19.168826 633c         Options.memtable_factory: SkipListFactory
2026/02/02-20:55:19.168833 633c            Options.table_factory: BlockBasedTable
2026/02/02-20:55:19.168873 633c            table_factory options:   flush_block_policy_factory: FlushBlockBySizePolicyFactory (000002C6FA0089A0)
  cache_index_and_filter_blocks: 0
  cache_index_and_filter_blocks_with_high_priority: 1
  pin_l0_filter_and_index_blocks_in_cache: 0
  pin_top_level_index_and_filter: 1
  index_type: 0
  data_block_index_type: 0
  index_shortening: 1
  data_block_hash_table_util_ratio: 0.750000
  checksum: 4
  no_block_cache: 0
  block_cache: 000002C6F9EED7B0
  block_cache_name: LRUCache
  block_cache_options:
    capacity : 8388608
    num_shard_bits : 4
    strict_capacity_limit : 0
    memory_allocator : None
    high_pri_pool_ratio: 0.000
    low_pri_pool_ratio: 0.000
  persistent_cache: 0000000000000000
  block_size: 4096
  block_size_deviation: 10
  block_restart_interval: 16
  index_block_restart_interval: 1
  metadata_block_size: 4096
  partition_filters: 0
  use_delta_encoding: 1
  filter_policy: nullptr
  whole_key_filtering: 1
  verify_compression: 0
  read_amp_bytes_per_bit: 0
  format_version: 5
  enable_index_compression: 1
  block_align: 0
  max_auto_readahead_size: 262144
  prepopulate_block_cache: 0
  initial_auto_readahead_size: 8192
  num_file_reads_for_auto_readahead: 2
2026/02/02-20:55:19.168883 633c        Options.write_buffer_size: 10485760
2026/02/02-20:55:19.168890 633c  Options.max_write_buffer_number: 2
2026/02/02-20:55:19.168900 633c          Options.compression: Snappy
2026/02/02-20:55:19.168907 633c                  Options.bottommost_compression: Disabled
2026/02/02-20:55:19.168913 633c       Options.prefix_extractor: nullptr
2026/02/02-20:55:19.168920 633c   Options.memtable_insert_with_hint_prefix_extractor: nullptr
2026/02/02-20:55:19.168926 633c             Options.num_levels: 7
2026/02/02-20:55:19.168933 633c        Options.min_write_buffer_number_to_merge: 1
2026/02/02-20:55:19.168940 633c     Options.max_write_buffer_number_to_maintain: 0
2026/02/02-20:55:19.168947 633c     Options.max_write_buffer_size_to_maintain: 0
2026/02/02-20:55:19.168954 633c            Options.bottommost_compression_opts.window_bits: -14
2026/02/02-20:55:19.168960 633c                  Options.bottommost_compression_opts.level: 32767
2026/02/02-20:55:19.168968 633c               Options.bottommost_compression_opts.strategy: 0
2026/02/02-20:55:19.168975 633c         Options.bottommost_compression_opts.max_dict_bytes: 0
2026/02/02-20:55:19.168982 633c         Options.bottommost_compression_opts.zstd_max_train_bytes: 0
2026/02/02-20:55:19.168988 633c         Options.bottommost_compression_opts.parallel_threads: 1
2026/02/02-20:55:19.168995 633c                  Options.bottommost_compression_opts.enabled: false
2026/02/02-20:55:19.169002 633c         Options.bottommost_compression_opts.max_dict_buffer_bytes: 0
2026/02/02-20:55:19.169009 633c         Options.bottommost_compression_opts.use_zstd_dict_trainer: true
2026/02/02-20:55:19.169016 633c            Options.compression_opts.window_bits: -14
2026/02/02-20:55:19.169022 633c                  Options.compression_opts.level: 32767
2026/02/02-20:55:19.169029 633c               Options.compression_opts.strategy: 0
2026/02/02-20:55:19.169036 633c         Options.compression_opts.max_dict_bytes: 0
2026/02/02-20:55:19.169043 633c         Options.compression_opts.zstd_max_train_bytes: 0
2026/02/02-20:55:19.169049 633c         Options.compression_opts.use_zstd_dict_trainer: true
2026/02/02-20:55:19.169062 633c         Options.compression_opts.parallel_threads: 1
2026/02/02-20:55:19.169071 633c                  Options.compression_opts.enabled: false
2026/02/02-20:55:19.169078 633c         Options.compression_opts.max_dict_buffer_bytes: 0
2026/02/02-20:55:19.169084 633c      Options.level0_file_num_compaction_trigger: 4
2026/02/02-20:55:19.169091 633c          Options.level0_slowdown_writes_trigger: 20
2026/02/02-20:55:19.169098 633c              Options.level0_stop_writes_trigger: 36
2026/02/02-20:55:19.169105 633c                   Options.target_file_size_base: 67108864
2026/02/02-20:55:19.169112 633c             Options.target_file_size_multiplier: 1
2026/02/02-20:55:19.169119 633c                Options.max_bytes_for_level_base: 268435456
2026/02/02-20:55:19.169125 633c Options.level_compaction_dynamic_level_bytes: 0
2026/02/02-20:55:19.169133 633c          Options.max_bytes_for_level_multiplier: 10.000000
2026/02/02-20:55:19.169140 633c Options.max_bytes_for_level_multiplier_addtl[0]: 1
2026/02/02-20:55:19.169147 633c Options.max_bytes_for_level_multiplier_addtl[1]: 1
2026/02/02-20:55:19.169154 633c Options.max_bytes_for_level_multiplier_addtl[2]: 1
2026/02/02-20:55:19.169161 633c Options.max_bytes_for_level_multiplier_addtl[3]: 1
2026/02/02-20:55:19.169167 633c Options.max_bytes_for_level_multiplier_addtl[4]: 1
2026/02/02-20:55:19.169175 633c Options.max_bytes_for_level_multiplier_addtl[5]: 1
2026/02/02-20:55:19.169183 633c Options.max_bytes_for_level_multiplier_addtl[6]: 1
2026/02/02-20:55:19.169189 633c       Options.max_sequential_skip_in_iterations: 8
2026/02/02-20:55:19.169196 633c                    Options.max_compaction_bytes: 1677721600
2026/02/02-20:55:19.169203 633c   Options.ignore_max_compaction_bytes_for_input: true
2026/02/02-20:55:19.169211 633c                        Options.arena_block_size: 1048576
2026/02/02-20:55:19.169218 633c   Options.soft_pending_compaction_bytes_limit: 68719476736
2026/02/02-20:55:19.169225 633c   Options.hard_pending_compaction_bytes_limit: 274877906944
2026/02/02-20:55:19.169232 633c                Options.disable_auto_compactions: 0
2026/02/02-20:55:19.169239 633c                        Options.compaction_style: kCompactionStyleLevel
2026/02/02-20:55:19.169246 633c                          Options.compaction_pri: kMinOverlappingRatio
2026/02/02-20:55:19.169253 633c Options.compaction_options_universal.size_ratio: 1
2026/02/02-20:55:19.169259 633c Options.compaction_options_universal.min_merge_width: 2
2026/02/02-20:55:19.169266 633c Options.compaction_options_universal.max_merge_width: 4294967295
2026/02/02-20:55:19.169273 633c Options.compaction_options_universal.max_size_amplification_percent: 200
2026/02/02-20:55:19.169280 633c Options.compaction_options_universal.compression_size_percent: -1
2026/02/02-20:55:19.169288 633c Options.compaction_options_universal.stop_style: kCompactionStopStyleTotalSize
2026/02/02-20:55:19.169295 633c Options.compaction_options_fifo.max_table_files_size: 1073741824
2026/02/02-20:55:19.169302 633c Options.compaction_options_fifo.allow_compaction: 0
2026/02/02-20:55:19.169314 633c                   Options.table_properties_collectors: 
2026/02/02-20:55:19.169321 633c                   Options.inplace_update_support: 0
2026/02/02-20:55:19.169328 633c                 Options.inplace_update_num_locks: 10000
2026/02/02-20:55:19.169334 633c               Options.memtable_prefix_bloom_size_ratio: 0.000000
2026/02/02-20:55:19.169341 633c               Options.memtable_whole_key_filtering: 0
2026/02/02-20:55:19.169347 633c   Options.memtable_huge_page_size: 0
2026/02/02-20:55:19.169353 633c                           Options.bloom_locality: 0
2026/02/02-20:55:19.169359 633c                    Options.max_successive_merges: 0
2026/02/02-20:55:19.169366 633c                Options.optimize_filters_for_hits: 0
2026/02/02-20:55:19.169372 633c                Options.paranoid_file_checks: 0
2026/02/02-20:55:19.169378 633c                Options.force_consistency_checks: 1
2026/02/02-20:55:19.169385 633c                Options.report_bg_io_stats: 0
2026/02/02-20:55:19.169447 633c                               Options.ttl: 2592000
2026/02/02-20:55:19.169457 633c          Options.periodic_compaction_seconds: 0
2026/02/02-20:55:19.169460 633c  Options.preclude_last_level_data_seconds: 0
2026/02/02-20:55:19.169462 633c    Options.preserve_internal_time_seconds: 0
2026/02/02-20:55:19.169465 633c                       Options.enable_blob_files: false
2026/02/02-20:55:19.169468 633c                           Options.min_blob_size: 0
2026/02/02-20:55:19.169471 633c                          Options.blob_file_size: 268435456
2026/02/02-20:55:19.169474 633c                   Options.blob_compression_type: NoCompression
2026/02/02-20:55:19.169476 633c          Options.enable_blob_garbage_collection: false
2026/02/02-20:55:19.169480 633c      Options.blob_garbage_collection_age_cutoff: 0.250000
2026/02/02-20:55:19.169483 633c Options.blob_garbage_collection_force_threshold: 1.000000
2026/02/02-20:55:19.169486 633c          Options.blob_compaction_readahead_size: 0
2026/02/02-20:55:19.169489 633c                Options.blob_file_starting_level: 0
2026/02/02-20:55:19.169492 633c Options.experimental_mempurge_threshold: 0.000000
2026/02/02-20:55:19.213359 633c DB pointer 000002C6F4CBF800
