2026/02/02-20:55:18.883065 8c4c RocksDB version: 8.1.1
2026/02/02-20:55:18.883102 8c4c Compile date 2023-04-06 16:38:52
2026/02/02-20:55:18.883114 8c4c DB SUMMARY
2026/02/02-20:55:18.883135 8c4c DB Session ID:  QYZL2ZJ6NV5BAJM1VS4S
2026/02/02-20:55:18.883810 8c4c SST files in ./storage\collections\test_collection_20260202205510\0\segments\165afa56-e89b-41e2-88f2-86666ef588f1 dir, Total Num: 0, files: 
2026/02/02-20:55:18.883826 8c4c Write Ahead Log file in ./storage\collections\test_collection_20260202205510\0\segments\165afa56-e89b-41e2-88f2-86666ef588f1: 
2026/02/02-20:55:18.883835 8c4c                         Options.error_if_exists: 0
2026/02/02-20:55:18.883842 8c4c                       Options.create_if_missing: 1
2026/02/02-20:55:18.883850 8c4c                         Options.paranoid_checks: 1
2026/02/02-20:55:18.883920 8c4c             Options.flush_verify_memtable_count: 1
2026/02/02-20:55:18.883925 8c4c                               Options.track_and_verify_wals_in_manifest: 0
2026/02/02-20:55:18.883928 8c4c        Options.verify_sst_unique_id_in_manifest: 1
2026/02/02-20:55:18.883931 8c4c                                     Options.env: 000002C6F299B210
2026/02/02-20:55:18.883934 8c4c                                      Options.fs: WinFS
2026/02/02-20:55:18.883937 8c4c                                Options.info_log: 000002C6F4E1A120
2026/02/02-20:55:18.883940 8c4c                Options.max_file_opening_threads: 16
2026/02/02-20:55:18.883943 8c4c                              Options.statistics: 0000000000000000
2026/02/02-20:55:18.883945 8c4c                               Options.use_fsync: 0
2026/02/02-20:55:18.883949 8c4c                       Options.max_log_file_size: 1048576
2026/02/02-20:55:18.883952 8c4c                  Options.max_manifest_file_size: 1073741824
2026/02/02-20:55:18.883954 8c4c                   Options.log_file_time_to_roll: 0
2026/02/02-20:55:18.883957 8c4c                       Options.keep_log_file_num: 1
2026/02/02-20:55:18.883960 8c4c                    Options.recycle_log_file_num: 0
2026/02/02-20:55:18.883963 8c4c                         Options.allow_fallocate: 1
2026/02/02-20:55:18.883966 8c4c                        Options.allow_mmap_reads: 0
2026/02/02-20:55:18.883969 8c4c                       Options.allow_mmap_writes: 0
2026/02/02-20:55:18.883971 8c4c                        Options.use_direct_reads: 0
2026/02/02-20:55:18.883974 8c4c                        Options.use_direct_io_for_flush_and_compaction: 0
2026/02/02-20:55:18.883977 8c4c          Options.create_missing_column_families: 1
2026/02/02-20:55:18.883980 8c4c                              Options.db_log_dir: 
2026/02/02-20:55:18.883984 8c4c                                 Options.wal_dir: 
2026/02/02-20:55:18.883987 8c4c                Options.table_cache_numshardbits: 6
2026/02/02-20:55:18.883990 8c4c                         Options.WAL_ttl_seconds: 0
2026/02/02-20:55:18.883992 8c4c                       Options.WAL_size_limit_MB: 0
2026/02/02-20:55:18.883995 8c4c                        Options.max_write_batch_group_size_bytes: 1048576
2026/02/02-20:55:18.883998 8c4c             Options.manifest_preallocation_size: 4194304
2026/02/02-20:55:18.884001 8c4c                     Options.is_fd_close_on_exec: 1
2026/02/02-20:55:18.884004 8c4c                   Options.advise_random_on_open: 1
2026/02/02-20:55:18.884007 8c4c                    Options.db_write_buffer_size: 0
2026/02/02-20:55:18.884010 8c4c                    Options.write_buffer_manager: 000002C6F9E3B190
2026/02/02-20:55:18.884013 8c4c         Options.access_hint_on_compaction_start: 1
2026/02/02-20:55:18.884016 8c4c           Options.random_access_max_buffer_size: 1048576
2026/02/02-20:55:18.884024 8c4c                      Options.use_adaptive_mutex: 0
2026/02/02-20:55:18.884027 8c4c                            Options.rate_limiter: 0000000000000000
2026/02/02-20:55:18.884030 8c4c     Options.sst_file_manager.rate_bytes_per_sec: 0
2026/02/02-20:55:18.884032 8c4c                       Options.wal_recovery_mode: 0
2026/02/02-20:55:18.884035 8c4c                  Options.enable_thread_tracking: 0
2026/02/02-20:55:18.884054 8c4c                  Options.enable_pipelined_write: 0
2026/02/02-20:55:18.884058 8c4c                  Options.unordered_write: 0
2026/02/02-20:55:18.884061 8c4c         Options.allow_concurrent_memtable_write: 1
2026/02/02-20:55:18.884063 8c4c      Options.enable_write_thread_adaptive_yield: 1
2026/02/02-20:55:18.884066 8c4c             Options.write_thread_max_yield_usec: 100
2026/02/02-20:55:18.884069 8c4c            Options.write_thread_slow_yield_usec: 3
2026/02/02-20:55:18.884072 8c4c                               Options.row_cache: None
2026/02/02-20:55:18.884075 8c4c                              Options.wal_filter: None
2026/02/02-20:55:18.884077 8c4c             Options.avoid_flush_during_recovery: 0
2026/02/02-20:55:18.884080 8c4c             Options.allow_ingest_behind: 0
2026/02/02-20:55:18.884083 8c4c             Options.two_write_queues: 0
2026/02/02-20:55:18.884085 8c4c             Options.manual_wal_flush: 0
2026/02/02-20:55:18.884088 8c4c             Options.wal_compression: 0
2026/02/02-20:55:18.884091 8c4c             Options.atomic_flush: 0
2026/02/02-20:55:18.884093 8c4c             Options.avoid_unnecessary_blocking_io: 0
2026/02/02-20:55:18.884096 8c4c                 Options.persist_stats_to_disk: 0
2026/02/02-20:55:18.884099 8c4c                 Options.write_dbid_to_manifest: 0
2026/02/02-20:55:18.884101 8c4c                 Options.log_readahead_size: 0
2026/02/02-20:55:18.884104 8c4c                 Options.file_checksum_gen_factory: Unknown
2026/02/02-20:55:18.884107 8c4c                 Options.best_efforts_recovery: 0
2026/02/02-20:55:18.884109 8c4c                Options.max_bgerror_resume_count: 2147483647
2026/02/02-20:55:18.884112 8c4c            Options.bgerror_resume_retry_interval: 1000000
2026/02/02-20:55:18.884115 8c4c             Options.allow_data_in_errors: 0
2026/02/02-20:55:18.884118 8c4c             Options.db_host_id: __hostname__
2026/02/02-20:55:18.884120 8c4c             Options.enforce_single_del_contracts: true
2026/02/02-20:55:18.884123 8c4c             Options.max_background_jobs: 2
2026/02/02-20:55:18.884126 8c4c             Options.max_background_compactions: -1
2026/02/02-20:55:18.884129 8c4c             Options.max_subcompactions: 1
2026/02/02-20:55:18.884132 8c4c             Options.avoid_flush_during_shutdown: 0
2026/02/02-20:55:18.884135 8c4c           Options.writable_file_max_buffer_size: 1048576
2026/02/02-20:55:18.884137 8c4c             Options.delayed_write_rate : 16777216
2026/02/02-20:55:18.884140 8c4c             Options.max_total_wal_size: 0
2026/02/02-20:55:18.884143 8c4c             Options.delete_obsolete_files_period_micros: 180000000
2026/02/02-20:55:18.884146 8c4c                   Options.stats_dump_period_sec: 600
2026/02/02-20:55:18.884149 8c4c                 Options.stats_persist_period_sec: 600
2026/02/02-20:55:18.884152 8c4c                 Options.stats_history_buffer_size: 1048576
2026/02/02-20:55:18.884154 8c4c                          Options.max_open_files: 256
2026/02/02-20:55:18.884157 8c4c                          Options.bytes_per_sync: 0
2026/02/02-20:55:18.884160 8c4c                      Options.wal_bytes_per_sync: 0
2026/02/02-20:55:18.884162 8c4c                   Options.strict_bytes_per_sync: 0
2026/02/02-20:55:18.884165 8c4c       Options.compaction_readahead_size: 0
2026/02/02-20:55:18.884168 8c4c                  Options.max_background_flushes: -1
2026/02/02-20:55:18.884170 8c4c Compression algorithms supported:
2026/02/02-20:55:18.884173 8c4c 	kZSTD supported: 0
2026/02/02-20:55:18.884176 8c4c 	kSnappyCompression supported: 1
2026/02/02-20:55:18.884178 8c4c 	kBZip2Compression supported: 0
2026/02/02-20:55:18.884181 8c4c 	kZlibCompression supported: 0
2026/02/02-20:55:18.884183 8c4c 	kLZ4Compression supported: 0
2026/02/02-20:55:18.884186 8c4c 	kXpressCompression supported: 0
2026/02/02-20:55:18.884189 8c4c 	kLZ4HCCompression supported: 0
2026/02/02-20:55:18.884191 8c4c 	kZSTDNotFinalCompression supported: 0
2026/02/02-20:55:18.884194 8c4c Fast CRC32 supported: Not supported on x86
2026/02/02-20:55:18.884208 8c4c DMutex implementation: std::mutex
2026/02/02-20:55:18.947964 8c4c               Options.comparator: leveldb.BytewiseComparator
2026/02/02-20:55:18.947976 8c4c           Options.merge_operator: None
2026/02/02-20:55:18.947980 8c4c        Options.compaction_filter: None
2026/02/02-20:55:18.947983 8c4c        Options.compaction_filter_factory: None
2026/02/02-20:55:18.947986 8c4c  Options.sst_partitioner_factory: None
2026/02/02-20:55:18.947989 8c4c         Options.memtable_factory: SkipListFactory
2026/02/02-20:55:18.947992 8c4c            Options.table_factory: BlockBasedTable
2026/02/02-20:55:18.948012 8c4c            table_factory options:   flush_block_policy_factory: FlushBlockBySizePolicyFactory (000002C6F9E18FC0)
  cache_index_and_filter_blocks: 0
  cache_index_and_filter_blocks_with_high_priority: 1
  pin_l0_filter_and_index_blocks_in_cache: 0
  pin_top_level_index_and_filter: 1
  index_type: 0
  data_block_index_type: 0
  index_shortening: 1
  data_block_hash_table_util_ratio: 0.750000
  checksum: 4
  no_block_cache: 0
  block_cache: 000002C6F9F36A10
  block_cache_name: LRUCache
  block_cache_options:
    capacity : 8388608
    num_shard_bits : 4
    strict_capacity_limit : 0
    memory_allocator : None
    high_pri_pool_ratio: 0.000
    low_pri_pool_ratio: 0.000
  persistent_cache: 0000000000000000
  block_size: 4096
  block_size_deviation: 10
  block_restart_interval: 16
  index_block_restart_interval: 1
  metadata_block_size: 4096
  partition_filters: 0
  use_delta_encoding: 1
  filter_policy: nullptr
  whole_key_filtering: 1
  verify_compression: 0
  read_amp_bytes_per_bit: 0
  format_version: 5
  enable_index_compression: 1
  block_align: 0
  max_auto_readahead_size: 262144
  prepopulate_block_cache: 0
  initial_auto_readahead_size: 8192
  num_file_reads_for_auto_readahead: 2
2026/02/02-20:55:18.948016 8c4c        Options.write_buffer_size: 67108864
2026/02/02-20:55:18.948019 8c4c  Options.max_write_buffer_number: 2
2026/02/02-20:55:18.948022 8c4c          Options.compression: Snappy
2026/02/02-20:55:18.948025 8c4c                  Options.bottommost_compression: Disabled
2026/02/02-20:55:18.948028 8c4c       Options.prefix_extractor: nullptr
2026/02/02-20:55:18.948031 8c4c   Options.memtable_insert_with_hint_prefix_extractor: nullptr
2026/02/02-20:55:18.948034 8c4c             Options.num_levels: 7
2026/02/02-20:55:18.948036 8c4c        Options.min_write_buffer_number_to_merge: 1
2026/02/02-20:55:18.948039 8c4c     Options.max_write_buffer_number_to_maintain: 0
2026/02/02-20:55:18.948042 8c4c     Options.max_write_buffer_size_to_maintain: 0
2026/02/02-20:55:18.948045 8c4c            Options.bottommost_compression_opts.window_bits: -14
2026/02/02-20:55:18.948048 8c4c                  Options.bottommost_compression_opts.level: 32767
2026/02/02-20:55:18.948051 8c4c               Options.bottommost_compression_opts.strategy: 0
2026/02/02-20:55:18.948054 8c4c         Options.bottommost_compression_opts.max_dict_bytes: 0
2026/02/02-20:55:18.948057 8c4c         Options.bottommost_compression_opts.zstd_max_train_bytes: 0
2026/02/02-20:55:18.948060 8c4c         Options.bottommost_compression_opts.parallel_threads: 1
2026/02/02-20:55:18.948063 8c4c                  Options.bottommost_compression_opts.enabled: false
2026/02/02-20:55:18.948067 8c4c         Options.bottommost_compression_opts.max_dict_buffer_bytes: 0
2026/02/02-20:55:18.948070 8c4c         Options.bottommost_compression_opts.use_zstd_dict_trainer: true
2026/02/02-20:55:18.948073 8c4c            Options.compression_opts.window_bits: -14
2026/02/02-20:55:18.948076 8c4c                  Options.compression_opts.level: 32767
2026/02/02-20:55:18.948078 8c4c               Options.compression_opts.strategy: 0
2026/02/02-20:55:18.948081 8c4c         Options.compression_opts.max_dict_bytes: 0
2026/02/02-20:55:18.948084 8c4c         Options.compression_opts.zstd_max_train_bytes: 0
2026/02/02-20:55:18.948087 8c4c         Options.compression_opts.use_zstd_dict_trainer: true
2026/02/02-20:55:18.948090 8c4c         Options.compression_opts.parallel_threads: 1
2026/02/02-20:55:18.948095 8c4c                  Options.compression_opts.enabled: false
2026/02/02-20:55:18.948099 8c4c         Options.compression_opts.max_dict_buffer_bytes: 0
2026/02/02-20:55:18.948102 8c4c      Options.level0_file_num_compaction_trigger: 4
2026/02/02-20:55:18.948105 8c4c          Options.level0_slowdown_writes_trigger: 20
2026/02/02-20:55:18.948108 8c4c              Options.level0_stop_writes_trigger: 36
2026/02/02-20:55:18.948111 8c4c                   Options.target_file_size_base: 67108864
2026/02/02-20:55:18.948113 8c4c             Options.target_file_size_multiplier: 1
2026/02/02-20:55:18.948116 8c4c                Options.max_bytes_for_level_base: 268435456
2026/02/02-20:55:18.948119 8c4c Options.level_compaction_dynamic_level_bytes: 0
2026/02/02-20:55:18.948122 8c4c          Options.max_bytes_for_level_multiplier: 10.000000
2026/02/02-20:55:18.948125 8c4c Options.max_bytes_for_level_multiplier_addtl[0]: 1
2026/02/02-20:55:18.948128 8c4c Options.max_bytes_for_level_multiplier_addtl[1]: 1
2026/02/02-20:55:18.948131 8c4c Options.max_bytes_for_level_multiplier_addtl[2]: 1
2026/02/02-20:55:18.948134 8c4c Options.max_bytes_for_level_multiplier_addtl[3]: 1
2026/02/02-20:55:18.948137 8c4c Options.max_bytes_for_level_multiplier_addtl[4]: 1
2026/02/02-20:55:18.948140 8c4c Options.max_bytes_for_level_multiplier_addtl[5]: 1
2026/02/02-20:55:18.948143 8c4c Options.max_bytes_for_level_multiplier_addtl[6]: 1
2026/02/02-20:55:18.948145 8c4c       Options.max_sequential_skip_in_iterations: 8
2026/02/02-20:55:18.948149 8c4c                    Options.max_compaction_bytes: 1677721600
2026/02/02-20:55:18.948151 8c4c   Options.ignore_max_compaction_bytes_for_input: true
2026/02/02-20:55:18.948154 8c4c                        Options.arena_block_size: 1048576
2026/02/02-20:55:18.948157 8c4c   Options.soft_pending_compaction_bytes_limit: 68719476736
2026/02/02-20:55:18.948160 8c4c   Options.hard_pending_compaction_bytes_limit: 274877906944
2026/02/02-20:55:18.948163 8c4c                Options.disable_auto_compactions: 0
2026/02/02-20:55:18.948167 8c4c                        Options.compaction_style: kCompactionStyleLevel
2026/02/02-20:55:18.948170 8c4c                          Options.compaction_pri: kMinOverlappingRatio
2026/02/02-20:55:18.948173 8c4c Options.compaction_options_universal.size_ratio: 1
2026/02/02-20:55:18.948176 8c4c Options.compaction_options_universal.min_merge_width: 2
2026/02/02-20:55:18.948179 8c4c Options.compaction_options_universal.max_merge_width: 4294967295
2026/02/02-20:55:18.948182 8c4c Options.compaction_options_universal.max_size_amplification_percent: 200
2026/02/02-20:55:18.948185 8c4c Options.compaction_options_universal.compression_size_percent: -1
2026/02/02-20:55:18.948188 8c4c Options.compaction_options_universal.stop_style: kCompactionStopStyleTotalSize
2026/02/02-20:55:18.948191 8c4c Options.compaction_options_fifo.max_table_files_size: 1073741824
2026/02/02-20:55:18.948194 8c4c Options.compaction_options_fifo.allow_compaction: 0
2026/02/02-20:55:18.948347 8c4c                   Options.table_properties_collectors: 
2026/02/02-20:55:18.948353 8c4c                   Options.inplace_update_support: 0
2026/02/02-20:55:18.948356 8c4c                 Options.inplace_update_num_locks: 10000
2026/02/02-20:55:18.948360 8c4c               Options.memtable_prefix_bloom_size_ratio: 0.000000
2026/02/02-20:55:18.948364 8c4c               Options.memtable_whole_key_filtering: 0
2026/02/02-20:55:18.948367 8c4c   Options.memtable_huge_page_size: 0
2026/02/02-20:55:18.948370 8c4c                           Options.bloom_locality: 0
2026/02/02-20:55:18.948373 8c4c                    Options.max_successive_merges: 0
2026/02/02-20:55:18.948376 8c4c                Options.optimize_filters_for_hits: 0
2026/02/02-20:55:18.948378 8c4c                Options.paranoid_file_checks: 0
2026/02/02-20:55:18.948381 8c4c                Options.force_consistency_checks: 1
2026/02/02-20:55:18.948384 8c4c                Options.report_bg_io_stats: 0
2026/02/02-20:55:18.948387 8c4c                               Options.ttl: 2592000
2026/02/02-20:55:18.948416 8c4c          Options.periodic_compaction_seconds: 0
2026/02/02-20:55:18.948421 8c4c  Options.preclude_last_level_data_seconds: 0
2026/02/02-20:55:18.948424 8c4c    Options.preserve_internal_time_seconds: 0
2026/02/02-20:55:18.948427 8c4c                       Options.enable_blob_files: false
2026/02/02-20:55:18.948430 8c4c                           Options.min_blob_size: 0
2026/02/02-20:55:18.948434 8c4c                          Options.blob_file_size: 268435456
2026/02/02-20:55:18.948436 8c4c                   Options.blob_compression_type: NoCompression
2026/02/02-20:55:18.948439 8c4c          Options.enable_blob_garbage_collection: false
2026/02/02-20:55:18.948443 8c4c      Options.blob_garbage_collection_age_cutoff: 0.250000
2026/02/02-20:55:18.948446 8c4c Options.blob_garbage_collection_force_threshold: 1.000000
2026/02/02-20:55:18.948449 8c4c          Options.blob_compaction_readahead_size: 0
2026/02/02-20:55:18.948452 8c4c                Options.blob_file_starting_level: 0
2026/02/02-20:55:18.948455 8c4c Options.experimental_mempurge_threshold: 0.000000
2026/02/02-20:55:19.015551 8c4c               Options.comparator: leveldb.BytewiseComparator
2026/02/02-20:55:19.015563 8c4c           Options.merge_operator: None
2026/02/02-20:55:19.015567 8c4c        Options.compaction_filter: None
2026/02/02-20:55:19.015570 8c4c        Options.compaction_filter_factory: None
2026/02/02-20:55:19.015573 8c4c  Options.sst_partitioner_factory: None
2026/02/02-20:55:19.015576 8c4c         Options.memtable_factory: SkipListFactory
2026/02/02-20:55:19.015579 8c4c            Options.table_factory: BlockBasedTable
2026/02/02-20:55:19.015596 8c4c            table_factory options:   flush_block_policy_factory: FlushBlockBySizePolicyFactory (000002C6F9E19B00)
  cache_index_and_filter_blocks: 0
  cache_index_and_filter_blocks_with_high_priority: 1
  pin_l0_filter_and_index_blocks_in_cache: 0
  pin_top_level_index_and_filter: 1
  index_type: 0
  data_block_index_type: 0
  index_shortening: 1
  data_block_hash_table_util_ratio: 0.750000
  checksum: 4
  no_block_cache: 0
  block_cache: 000002C6F9F36BF0
  block_cache_name: LRUCache
  block_cache_options:
    capacity : 8388608
    num_shard_bits : 4
    strict_capacity_limit : 0
    memory_allocator : None
    high_pri_pool_ratio: 0.000
    low_pri_pool_ratio: 0.000
  persistent_cache: 0000000000000000
  block_size: 4096
  block_size_deviation: 10
  block_restart_interval: 16
  index_block_restart_interval: 1
  metadata_block_size: 4096
  partition_filters: 0
  use_delta_encoding: 1
  filter_policy: nullptr
  whole_key_filtering: 1
  verify_compression: 0
  read_amp_bytes_per_bit: 0
  format_version: 5
  enable_index_compression: 1
  block_align: 0
  max_auto_readahead_size: 262144
  prepopulate_block_cache: 0
  initial_auto_readahead_size: 8192
  num_file_reads_for_auto_readahead: 2
2026/02/02-20:55:19.015599 8c4c        Options.write_buffer_size: 67108864
2026/02/02-20:55:19.015602 8c4c  Options.max_write_buffer_number: 2
2026/02/02-20:55:19.015605 8c4c          Options.compression: Snappy
2026/02/02-20:55:19.015608 8c4c                  Options.bottommost_compression: Disabled
2026/02/02-20:55:19.015611 8c4c       Options.prefix_extractor: nullptr
2026/02/02-20:55:19.015614 8c4c   Options.memtable_insert_with_hint_prefix_extractor: nullptr
2026/02/02-20:55:19.015616 8c4c             Options.num_levels: 7
2026/02/02-20:55:19.015619 8c4c        Options.min_write_buffer_number_to_merge: 1
2026/02/02-20:55:19.015622 8c4c     Options.max_write_buffer_number_to_maintain: 0
2026/02/02-20:55:19.015625 8c4c     Options.max_write_buffer_size_to_maintain: 0
2026/02/02-20:55:19.015629 8c4c            Options.bottommost_compression_opts.window_bits: -14
2026/02/02-20:55:19.015632 8c4c                  Options.bottommost_compression_opts.level: 32767
2026/02/02-20:55:19.015636 8c4c               Options.bottommost_compression_opts.strategy: 0
2026/02/02-20:55:19.015639 8c4c         Options.bottommost_compression_opts.max_dict_bytes: 0
2026/02/02-20:55:19.015645 8c4c         Options.bottommost_compression_opts.zstd_max_train_bytes: 0
2026/02/02-20:55:19.015649 8c4c         Options.bottommost_compression_opts.parallel_threads: 1
2026/02/02-20:55:19.015652 8c4c                  Options.bottommost_compression_opts.enabled: false
2026/02/02-20:55:19.015655 8c4c         Options.bottommost_compression_opts.max_dict_buffer_bytes: 0
2026/02/02-20:55:19.015658 8c4c         Options.bottommost_compression_opts.use_zstd_dict_trainer: true
2026/02/02-20:55:19.015661 8c4c            Options.compression_opts.window_bits: -14
2026/02/02-20:55:19.015664 8c4c                  Options.compression_opts.level: 32767
2026/02/02-20:55:19.015667 8c4c               Options.compression_opts.strategy: 0
2026/02/02-20:55:19.015670 8c4c         Options.compression_opts.max_dict_bytes: 0
2026/02/02-20:55:19.015673 8c4c         Options.compression_opts.zstd_max_train_bytes: 0
2026/02/02-20:55:19.015675 8c4c         Options.compression_opts.use_zstd_dict_trainer: true
2026/02/02-20:55:19.015678 8c4c         Options.compression_opts.parallel_threads: 1
2026/02/02-20:55:19.015681 8c4c                  Options.compression_opts.enabled: false
2026/02/02-20:55:19.015684 8c4c         Options.compression_opts.max_dict_buffer_bytes: 0
2026/02/02-20:55:19.015687 8c4c      Options.level0_file_num_compaction_trigger: 4
2026/02/02-20:55:19.015690 8c4c          Options.level0_slowdown_writes_trigger: 20
2026/02/02-20:55:19.015693 8c4c              Options.level0_stop_writes_trigger: 36
2026/02/02-20:55:19.015695 8c4c                   Options.target_file_size_base: 67108864
2026/02/02-20:55:19.015698 8c4c             Options.target_file_size_multiplier: 1
2026/02/02-20:55:19.015703 8c4c                Options.max_bytes_for_level_base: 268435456
2026/02/02-20:55:19.015718 8c4c Options.level_compaction_dynamic_level_bytes: 0
2026/02/02-20:55:19.015722 8c4c          Options.max_bytes_for_level_multiplier: 10.000000
2026/02/02-20:55:19.015726 8c4c Options.max_bytes_for_level_multiplier_addtl[0]: 1
2026/02/02-20:55:19.015729 8c4c Options.max_bytes_for_level_multiplier_addtl[1]: 1
2026/02/02-20:55:19.015732 8c4c Options.max_bytes_for_level_multiplier_addtl[2]: 1
2026/02/02-20:55:19.015735 8c4c Options.max_bytes_for_level_multiplier_addtl[3]: 1
2026/02/02-20:55:19.015738 8c4c Options.max_bytes_for_level_multiplier_addtl[4]: 1
2026/02/02-20:55:19.015741 8c4c Options.max_bytes_for_level_multiplier_addtl[5]: 1
2026/02/02-20:55:19.015745 8c4c Options.max_bytes_for_level_multiplier_addtl[6]: 1
2026/02/02-20:55:19.015748 8c4c       Options.max_sequential_skip_in_iterations: 8
2026/02/02-20:55:19.015752 8c4c                    Options.max_compaction_bytes: 1677721600
2026/02/02-20:55:19.015754 8c4c   Options.ignore_max_compaction_bytes_for_input: true
2026/02/02-20:55:19.015757 8c4c                        Options.arena_block_size: 1048576
2026/02/02-20:55:19.015760 8c4c   Options.soft_pending_compaction_bytes_limit: 68719476736
2026/02/02-20:55:19.015763 8c4c   Options.hard_pending_compaction_bytes_limit: 274877906944
2026/02/02-20:55:19.015766 8c4c                Options.disable_auto_compactions: 0
2026/02/02-20:55:19.015769 8c4c                        Options.compaction_style: kCompactionStyleLevel
2026/02/02-20:55:19.015772 8c4c                          Options.compaction_pri: kMinOverlappingRatio
2026/02/02-20:55:19.015775 8c4c Options.compaction_options_universal.size_ratio: 1
2026/02/02-20:55:19.015778 8c4c Options.compaction_options_universal.min_merge_width: 2
2026/02/02-20:55:19.015781 8c4c Options.compaction_options_universal.max_merge_width: 4294967295
2026/02/02-20:55:19.015784 8c4c Options.compaction_options_universal.max_size_amplification_percent: 200
2026/02/02-20:55:19.015787 8c4c Options.compaction_options_universal.compression_size_percent: -1
2026/02/02-20:55:19.015790 8c4c Options.compaction_options_universal.stop_style: kCompactionStopStyleTotalSize
2026/02/02-20:55:19.015793 8c4c Options.compaction_options_fifo.max_table_files_size: 1073741824
2026/02/02-20:55:19.015796 8c4c Options.compaction_options_fifo.allow_compaction: 0
2026/02/02-20:55:19.015801 8c4c                   Options.table_properties_collectors: 
2026/02/02-20:55:19.015805 8c4c                   Options.inplace_update_support: 0
2026/02/02-20:55:19.015808 8c4c                 Options.inplace_update_num_locks: 10000
2026/02/02-20:55:19.015811 8c4c               Options.memtable_prefix_bloom_size_ratio: 0.000000
2026/02/02-20:55:19.015815 8c4c               Options.memtable_whole_key_filtering: 0
2026/02/02-20:55:19.015818 8c4c   Options.memtable_huge_page_size: 0
2026/02/02-20:55:19.015822 8c4c                           Options.bloom_locality: 0
2026/02/02-20:55:19.015825 8c4c                    Options.max_successive_merges: 0
2026/02/02-20:55:19.015828 8c4c                Options.optimize_filters_for_hits: 0
2026/02/02-20:55:19.015831 8c4c                Options.paranoid_file_checks: 0
2026/02/02-20:55:19.015834 8c4c                Options.force_consistency_checks: 1
2026/02/02-20:55:19.015837 8c4c                Options.report_bg_io_stats: 0
2026/02/02-20:55:19.015840 8c4c                               Options.ttl: 2592000
2026/02/02-20:55:19.015842 8c4c          Options.periodic_compaction_seconds: 0
2026/02/02-20:55:19.015845 8c4c  Options.preclude_last_level_data_seconds: 0
2026/02/02-20:55:19.015848 8c4c    Options.preserve_internal_time_seconds: 0
2026/02/02-20:55:19.015850 8c4c                       Options.enable_blob_files: false
2026/02/02-20:55:19.015853 8c4c                           Options.min_blob_size: 0
2026/02/02-20:55:19.015856 8c4c                          Options.blob_file_size: 268435456
2026/02/02-20:55:19.015859 8c4c                   Options.blob_compression_type: NoCompression
2026/02/02-20:55:19.015862 8c4c          Options.enable_blob_garbage_collection: false
2026/02/02-20:55:19.015865 8c4c      Options.blob_garbage_collection_age_cutoff: 0.250000
2026/02/02-20:55:19.015868 8c4c Options.blob_garbage_collection_force_threshold: 1.000000
2026/02/02-20:55:19.015871 8c4c          Options.blob_compaction_readahead_size: 0
2026/02/02-20:55:19.015874 8c4c                Options.blob_file_starting_level: 0
2026/02/02-20:55:19.015877 8c4c Options.experimental_mempurge_threshold: 0.000000
2026/02/02-20:55:19.042457 8c4c               Options.comparator: leveldb.BytewiseComparator
2026/02/02-20:55:19.042469 8c4c           Options.merge_operator: None
2026/02/02-20:55:19.042473 8c4c        Options.compaction_filter: None
2026/02/02-20:55:19.042476 8c4c        Options.compaction_filter_factory: None
2026/02/02-20:55:19.042479 8c4c  Options.sst_partitioner_factory: None
2026/02/02-20:55:19.042482 8c4c         Options.memtable_factory: SkipListFactory
2026/02/02-20:55:19.042485 8c4c            Options.table_factory: BlockBasedTable
2026/02/02-20:55:19.042502 8c4c            table_factory options:   flush_block_policy_factory: FlushBlockBySizePolicyFactory (000002C6F9E1A280)
  cache_index_and_filter_blocks: 0
  cache_index_and_filter_blocks_with_high_priority: 1
  pin_l0_filter_and_index_blocks_in_cache: 0
  pin_top_level_index_and_filter: 1
  index_type: 0
  data_block_index_type: 0
  index_shortening: 1
  data_block_hash_table_util_ratio: 0.750000
  checksum: 4
  no_block_cache: 0
  block_cache: 000002C6F9F37730
  block_cache_name: LRUCache
  block_cache_options:
    capacity : 8388608
    num_shard_bits : 4
    strict_capacity_limit : 0
    memory_allocator : None
    high_pri_pool_ratio: 0.000
    low_pri_pool_ratio: 0.000
  persistent_cache: 0000000000000000
  block_size: 4096
  block_size_deviation: 10
  block_restart_interval: 16
  index_block_restart_interval: 1
  metadata_block_size: 4096
  partition_filters: 0
  use_delta_encoding: 1
  filter_policy: nullptr
  whole_key_filtering: 1
  verify_compression: 0
  read_amp_bytes_per_bit: 0
  format_version: 5
  enable_index_compression: 1
  block_align: 0
  max_auto_readahead_size: 262144
  prepopulate_block_cache: 0
  initial_auto_readahead_size: 8192
  num_file_reads_for_auto_readahead: 2
2026/02/02-20:55:19.042505 8c4c        Options.write_buffer_size: 67108864
2026/02/02-20:55:19.042512 8c4c  Options.max_write_buffer_number: 2
2026/02/02-20:55:19.042516 8c4c          Options.compression: Snappy
2026/02/02-20:55:19.042519 8c4c                  Options.bottommost_compression: Disabled
2026/02/02-20:55:19.042522 8c4c       Options.prefix_extractor: nullptr
2026/02/02-20:55:19.042525 8c4c   Options.memtable_insert_with_hint_prefix_extractor: nullptr
2026/02/02-20:55:19.042528 8c4c             Options.num_levels: 7
2026/02/02-20:55:19.042530 8c4c        Options.min_write_buffer_number_to_merge: 1
2026/02/02-20:55:19.042533 8c4c     Options.max_write_buffer_number_to_maintain: 0
2026/02/02-20:55:19.042536 8c4c     Options.max_write_buffer_size_to_maintain: 0
2026/02/02-20:55:19.042539 8c4c            Options.bottommost_compression_opts.window_bits: -14
2026/02/02-20:55:19.042542 8c4c                  Options.bottommost_compression_opts.level: 32767
2026/02/02-20:55:19.042545 8c4c               Options.bottommost_compression_opts.strategy: 0
2026/02/02-20:55:19.042548 8c4c         Options.bottommost_compression_opts.max_dict_bytes: 0
2026/02/02-20:55:19.042552 8c4c         Options.bottommost_compression_opts.zstd_max_train_bytes: 0
2026/02/02-20:55:19.042555 8c4c         Options.bottommost_compression_opts.parallel_threads: 1
2026/02/02-20:55:19.042557 8c4c                  Options.bottommost_compression_opts.enabled: false
2026/02/02-20:55:19.042560 8c4c         Options.bottommost_compression_opts.max_dict_buffer_bytes: 0
2026/02/02-20:55:19.042563 8c4c         Options.bottommost_compression_opts.use_zstd_dict_trainer: true
2026/02/02-20:55:19.042566 8c4c            Options.compression_opts.window_bits: -14
2026/02/02-20:55:19.042569 8c4c                  Options.compression_opts.level: 32767
2026/02/02-20:55:19.042572 8c4c               Options.compression_opts.strategy: 0
2026/02/02-20:55:19.042575 8c4c         Options.compression_opts.max_dict_bytes: 0
2026/02/02-20:55:19.042578 8c4c         Options.compression_opts.zstd_max_train_bytes: 0
2026/02/02-20:55:19.042581 8c4c         Options.compression_opts.use_zstd_dict_trainer: true
2026/02/02-20:55:19.042584 8c4c         Options.compression_opts.parallel_threads: 1
2026/02/02-20:55:19.042587 8c4c                  Options.compression_opts.enabled: false
2026/02/02-20:55:19.042590 8c4c         Options.compression_opts.max_dict_buffer_bytes: 0
2026/02/02-20:55:19.042593 8c4c      Options.level0_file_num_compaction_trigger: 4
2026/02/02-20:55:19.042596 8c4c          Options.level0_slowdown_writes_trigger: 20
2026/02/02-20:55:19.042613 8c4c              Options.level0_stop_writes_trigger: 36
2026/02/02-20:55:19.042616 8c4c                   Options.target_file_size_base: 67108864
2026/02/02-20:55:19.042619 8c4c             Options.target_file_size_multiplier: 1
2026/02/02-20:55:19.042622 8c4c                Options.max_bytes_for_level_base: 268435456
2026/02/02-20:55:19.042625 8c4c Options.level_compaction_dynamic_level_bytes: 0
2026/02/02-20:55:19.042629 8c4c          Options.max_bytes_for_level_multiplier: 10.000000
2026/02/02-20:55:19.042632 8c4c Options.max_bytes_for_level_multiplier_addtl[0]: 1
2026/02/02-20:55:19.042635 8c4c Options.max_bytes_for_level_multiplier_addtl[1]: 1
2026/02/02-20:55:19.042638 8c4c Options.max_bytes_for_level_multiplier_addtl[2]: 1
2026/02/02-20:55:19.042641 8c4c Options.max_bytes_for_level_multiplier_addtl[3]: 1
2026/02/02-20:55:19.042644 8c4c Options.max_bytes_for_level_multiplier_addtl[4]: 1
2026/02/02-20:55:19.042647 8c4c Options.max_bytes_for_level_multiplier_addtl[5]: 1
2026/02/02-20:55:19.042650 8c4c Options.max_bytes_for_level_multiplier_addtl[6]: 1
2026/02/02-20:55:19.042652 8c4c       Options.max_sequential_skip_in_iterations: 8
2026/02/02-20:55:19.042655 8c4c                    Options.max_compaction_bytes: 1677721600
2026/02/02-20:55:19.042658 8c4c   Options.ignore_max_compaction_bytes_for_input: true
2026/02/02-20:55:19.042661 8c4c                        Options.arena_block_size: 1048576
2026/02/02-20:55:19.042664 8c4c   Options.soft_pending_compaction_bytes_limit: 68719476736
2026/02/02-20:55:19.042735 8c4c   Options.hard_pending_compaction_bytes_limit: 274877906944
2026/02/02-20:55:19.042751 8c4c                Options.disable_auto_compactions: 0
2026/02/02-20:55:19.042759 8c4c                        Options.compaction_style: kCompactionStyleLevel
2026/02/02-20:55:19.042766 8c4c                          Options.compaction_pri: kMinOverlappingRatio
2026/02/02-20:55:19.042772 8c4c Options.compaction_options_universal.size_ratio: 1
2026/02/02-20:55:19.042778 8c4c Options.compaction_options_universal.min_merge_width: 2
2026/02/02-20:55:19.042783 8c4c Options.compaction_options_universal.max_merge_width: 4294967295
2026/02/02-20:55:19.042789 8c4c Options.compaction_options_universal.max_size_amplification_percent: 200
2026/02/02-20:55:19.042795 8c4c Options.compaction_options_universal.compression_size_percent: -1
2026/02/02-20:55:19.042802 8c4c Options.compaction_options_universal.stop_style: kCompactionStopStyleTotalSize
2026/02/02-20:55:19.042808 8c4c Options.compaction_options_fifo.max_table_files_size: 1073741824
2026/02/02-20:55:19.042814 8c4c Options.compaction_options_fifo.allow_compaction: 0
2026/02/02-20:55:19.042822 8c4c                   Options.table_properties_collectors: 
2026/02/02-20:55:19.042828 8c4c                   Options.inplace_update_support: 0
2026/02/02-20:55:19.042833 8c4c                 Options.inplace_update_num_locks: 10000
2026/02/02-20:55:19.042840 8c4c               Options.memtable_prefix_bloom_size_ratio: 0.000000
2026/02/02-20:55:19.042846 8c4c               Options.memtable_whole_key_filtering: 0
2026/02/02-20:55:19.042852 8c4c   Options.memtable_huge_page_size: 0
2026/02/02-20:55:19.042858 8c4c                           Options.bloom_locality: 0
2026/02/02-20:55:19.042863 8c4c                    Options.max_successive_merges: 0
2026/02/02-20:55:19.042869 8c4c                Options.optimize_filters_for_hits: 0
2026/02/02-20:55:19.042874 8c4c                Options.paranoid_file_checks: 0
2026/02/02-20:55:19.042880 8c4c                Options.force_consistency_checks: 1
2026/02/02-20:55:19.042886 8c4c                Options.report_bg_io_stats: 0
2026/02/02-20:55:19.042891 8c4c                               Options.ttl: 2592000
2026/02/02-20:55:19.042897 8c4c          Options.periodic_compaction_seconds: 0
2026/02/02-20:55:19.042902 8c4c  Options.preclude_last_level_data_seconds: 0
2026/02/02-20:55:19.042908 8c4c    Options.preserve_internal_time_seconds: 0
2026/02/02-20:55:19.042914 8c4c                       Options.enable_blob_files: false
2026/02/02-20:55:19.042919 8c4c                           Options.min_blob_size: 0
2026/02/02-20:55:19.042925 8c4c                          Options.blob_file_size: 268435456
2026/02/02-20:55:19.042932 8c4c                   Options.blob_compression_type: NoCompression
2026/02/02-20:55:19.042937 8c4c          Options.enable_blob_garbage_collection: false
2026/02/02-20:55:19.042944 8c4c      Options.blob_garbage_collection_age_cutoff: 0.250000
2026/02/02-20:55:19.042951 8c4c Options.blob_garbage_collection_force_threshold: 1.000000
2026/02/02-20:55:19.042957 8c4c          Options.blob_compaction_readahead_size: 0
2026/02/02-20:55:19.042963 8c4c                Options.blob_file_starting_level: 0
2026/02/02-20:55:19.042969 8c4c Options.experimental_mempurge_threshold: 0.000000
2026/02/02-20:55:19.067940 8c4c               Options.comparator: leveldb.BytewiseComparator
2026/02/02-20:55:19.067950 8c4c           Options.merge_operator: None
2026/02/02-20:55:19.067953 8c4c        Options.compaction_filter: None
2026/02/02-20:55:19.067956 8c4c        Options.compaction_filter_factory: None
2026/02/02-20:55:19.067959 8c4c  Options.sst_partitioner_factory: None
2026/02/02-20:55:19.067962 8c4c         Options.memtable_factory: SkipListFactory
2026/02/02-20:55:19.067964 8c4c            Options.table_factory: BlockBasedTable
2026/02/02-20:55:19.067984 8c4c            table_factory options:   flush_block_policy_factory: FlushBlockBySizePolicyFactory (000002C6F9E1A6A0)
  cache_index_and_filter_blocks: 0
  cache_index_and_filter_blocks_with_high_priority: 1
  pin_l0_filter_and_index_blocks_in_cache: 0
  pin_top_level_index_and_filter: 1
  index_type: 0
  data_block_index_type: 0
  index_shortening: 1
  data_block_hash_table_util_ratio: 0.750000
  checksum: 4
  no_block_cache: 0
  block_cache: 000002C6F9F370A0
  block_cache_name: LRUCache
  block_cache_options:
    capacity : 8388608
    num_shard_bits : 4
    strict_capacity_limit : 0
    memory_allocator : None
    high_pri_pool_ratio: 0.000
    low_pri_pool_ratio: 0.000
  persistent_cache: 0000000000000000
  block_size: 4096
  block_size_deviation: 10
  block_restart_interval: 16
  index_block_restart_interval: 1
  metadata_block_size: 4096
  partition_filters: 0
  use_delta_encoding: 1
  filter_policy: nullptr
  whole_key_filtering: 1
  verify_compression: 0
  read_amp_bytes_per_bit: 0
  format_version: 5
  enable_index_compression: 1
  block_align: 0
  max_auto_readahead_size: 262144
  prepopulate_block_cache: 0
  initial_auto_readahead_size: 8192
  num_file_reads_for_auto_readahead: 2
2026/02/02-20:55:19.067990 8c4c        Options.write_buffer_size: 67108864
2026/02/02-20:55:19.067994 8c4c  Options.max_write_buffer_number: 2
2026/02/02-20:55:19.067996 8c4c          Options.compression: Snappy
2026/02/02-20:55:19.067999 8c4c                  Options.bottommost_compression: Disabled
2026/02/02-20:55:19.068002 8c4c       Options.prefix_extractor: nullptr
2026/02/02-20:55:19.068005 8c4c   Options.memtable_insert_with_hint_prefix_extractor: nullptr
2026/02/02-20:55:19.068008 8c4c             Options.num_levels: 7
2026/02/02-20:55:19.068011 8c4c        Options.min_write_buffer_number_to_merge: 1
2026/02/02-20:55:19.068013 8c4c     Options.max_write_buffer_number_to_maintain: 0
2026/02/02-20:55:19.068017 8c4c     Options.max_write_buffer_size_to_maintain: 0
2026/02/02-20:55:19.068019 8c4c            Options.bottommost_compression_opts.window_bits: -14
2026/02/02-20:55:19.068022 8c4c                  Options.bottommost_compression_opts.level: 32767
2026/02/02-20:55:19.068025 8c4c               Options.bottommost_compression_opts.strategy: 0
2026/02/02-20:55:19.068028 8c4c         Options.bottommost_compression_opts.max_dict_bytes: 0
2026/02/02-20:55:19.068031 8c4c         Options.bottommost_compression_opts.zstd_max_train_bytes: 0
2026/02/02-20:55:19.068034 8c4c         Options.bottommost_compression_opts.parallel_threads: 1
2026/02/02-20:55:19.068037 8c4c                  Options.bottommost_compression_opts.enabled: false
2026/02/02-20:55:19.068040 8c4c         Options.bottommost_compression_opts.max_dict_buffer_bytes: 0
2026/02/02-20:55:19.068043 8c4c         Options.bottommost_compression_opts.use_zstd_dict_trainer: true
2026/02/02-20:55:19.068046 8c4c            Options.compression_opts.window_bits: -14
2026/02/02-20:55:19.068049 8c4c                  Options.compression_opts.level: 32767
2026/02/02-20:55:19.068051 8c4c               Options.compression_opts.strategy: 0
2026/02/02-20:55:19.068054 8c4c         Options.compression_opts.max_dict_bytes: 0
2026/02/02-20:55:19.068057 8c4c         Options.compression_opts.zstd_max_train_bytes: 0
